5.0	-3.0
3.51470588235	7.0
5.0	11.0
5.0	3.0
5.0	5.0
3.00155279503	2.0
5.0	0.0
5.0	14.0
4.0	6.0
4.0	5.0
4.0	7.0
3.49583333333	9.0
4.01376597837	3.6
2.52559726962	7.5
4.21126760563	5.0
3.92713567839	4.4
4.3094629156	23.5
5.0	-3.0
5.0	12.0
3.0	2.0
5.0	5.0
3.63929618768	8.5
4.0	3.0
3.88095238095	10.3333333333
5.0	3.0
3.86516853933	3.0
2.22255639098	-0.857142857143
3.0	5.0
3.0	2.0
3.0	1.0
3.35180055402	3.0
4.0	2.0
3.0	5.0
5.0	3.0
5.0	5.0
1.0	1.0
3.1221719457	6.25
3.0	3.0
5.0	7.5
2.0	-3.5
3.64562569214	8.85714285714
3.58924731183	9.75
2.0	0.0
2.0	15.0
4.0	6.0
2.44600938967	1.0
4.0	4.0
4.0	6.0
4.57517899761	12.0
4.19696969697	6.66666666667
4.0	7.0
2.0	0.0
3.20388349515	2.16666666667
4.0	3.0
3.51700680272	4.5
3.88582677165	3.64285714286
2.0	-4.0
3.11348464619	5.875
5.0	13.0
3.7	5.0
2.25170068027	2.66666666667
2.71428571429	-0.5
3.02567760342	5.27272727273
4.0	6.0
5.0	8.5
3.0	16.0
2.30833333333	4.0
4.0	5.0
4.67901234568	1.0
5.0	8.0
5.0	8.5
5.0	10.0
3.14306151645	7.33333333333
4.0	6.0
1.0	2.0
3.5746835443	4.6
5.0	3.0
2.0	10.0
3.87315333673	7.625
5.0	8.0
3.56	2.5
5.0	5.0
2.52845528455	1.66666666667
2.0	11.0
5.0	6.0
5.0	18.0
3.19565217391	5.0
5.0	0.0
3.0	10.0
3.6018018018	4.75
3.33550488599	12.6666666667
4.0	8.0
4.33333333333	5.33333333333
4.0	3.0
4.0	10.5
3.0	8.0
5.0	6.0
1.0	-1.5
4.0	7.0
2.0	3.0
3.8940397351	3.66666666667
4.13636363636	5.28571428571
3.96784565916	1.75
5.0	15.5
5.0	7.0
5.0	3.0
1.86301369863	0.5
5.0	17.0
5.0	5.0
4.0	0.0
3.0	6.0
3.8875	3.0
1.29501915709	8.5
5.0	3.0
3.81049562682	6.66666666667
3.51829268293	4.33333333333
2.39183673469	8.0
4.0	0.0
1.0	-5.0
5.0	1.0
1.0	-4.0
5.0	5.0
4.0	-2.0
2.68588137009	5.91666666667
3.70609608397	6.25
5.0	-3.0
1.0	-3.0
3.4	2.25
5.0	10.0
4.0	3.0
4.0	13.0
3.0	8.0
3.21625222025	5.76
5.0	6.0
4.65833333333	5.16666666667
3.73690337602	6.41666666667
4.0	11.0
3.59964881475	7.0
4.35922330097	6.5
5.0	13.0
4.0	8.0
5.0	12.0
3.44075829384	4.625
3.93254329991	5.66666666667
4.1754756871	7.83333333333
3.6949602122	16.5
3.19672131148	4.8
4.0	-0.333333333333
4.0	3.0
1.15246636771	1.5
1.0	8.0
3.87684729064	5.0
1.0	3.0
4.0	5.0
4.14912280702	6.82142857143
3.35772357724	9.0
2.0	5.0
5.0	8.0
5.0	0.0
4.50574712644	19.0
4.55357142857	4.0
5.0	5.0
4.39605462822	12.0
2.2981530343	4.16666666667
3.98513011152	11.4
4.20357941834	13.5
5.0	10.5
2.97911127991	8.86363636364
4.40388768898	8.66666666667
2.3547008547	2.4
4.80158730159	6.0
2.0	-3.0
4.92293577982	9.0
3.85588558856	9.125
4.0	9.0
5.0	16.0
5.0	0.0
4.61797752809	2.0
3.91514143095	8.25
3.0	0.0
3.61360123648	2.3
4.3125	5.33333333333
4.10280373832	9.0
3.26714801444	6.0
1.0	3.0
4.35636856369	9.0
2.0	3.0
4.0	5.0
2.0	11.0
2.0	1.0
1.70597243492	6.75
4.4738292011	6.8
5.0	0.0
5.0	4.5
4.0	20.0
4.0	11.0
4.38983050847	2.0
5.0	7.5
5.0	13.0
3.17346938776	0.333333333333
4.0	14.0
3.0	0.0
3.14506769826	14.1666666667
3.35281837161	7.85714285714
4.0	1.0
3.59359844811	7.14285714286
3.87341772152	2.25
3.24185068349	5.21428571429
3.1475	4.85714285714
1.70528967254	-1.8
4.14136125654	4.5
5.0	15.0
5.0	0.0
1.0	3.0
5.0	10.0
3.0423151751	6.8
3.96997497915	6.83333333333
1.54268292683	6.0
3.0	7.0
3.74151436031	5.33333333333
2.81553398058	3.0
2.59252336449	2.14285714286
4.0	4.0
5.0	3.0
5.0	9.0
3.0	9.0
2.12718600954	1.2
5.0	-2.0
5.0	0.0
2.22875816993	6.33333333333
4.0	2.0
4.26113671275	7.875
4.16455696203	10.0
4.65625	6.33333333333
5.0	8.0
5.0	14.0
1.0	-3.0
4.0	9.0
3.09874069834	5.05263157895
2.99130434783	4.33333333333
3.89849108368	15.0
3.61153846154	7.5
4.62611275964	3.625
2.0	3.0
3.71101573677	7.11111111111
4.87246376812	5.75
1.0	-8.0
4.43220338983	7.26666666667
2.46420323326	6.5
2.15384615385	2.0
2.22522522523	7.0
2.15568862275	9.0
4.18796992481	4.66666666667
4.84870848708	13.0
3.45797413793	6.47619047619
3.0	7.0
2.38028169014	5.28571428571
4.0	14.0
3.45	4.0
1.0	-4.0
1.0	1.0
4.0	5.0
2.0	0.0
3.0	4.0
2.0	-3.0
5.0	3.0
3.70876466529	12.1818181818
4.75094339623	5.75
5.0	3.0
5.0	3.5
5.0	7.0
3.0	7.0
5.0	14.0
2.85806451613	16.5
4.0	5.0
4.0	6.0
4.21827411168	7.66666666667
4.171875	8.4
5.0	4.0
1.0	12.0
3.0	1.0
5.0	14.0
1.0	14.0
4.81111111111	8.75
5.0	2.0
3.53395061728	2.8
3.7	1.0
3.78834355828	8.0
5.0	10.0
2.25412087912	4.0
1.0	2.0
4.0	8.0
3.0	6.0
5.0	6.0
3.05517241379	2.5
3.57957957958	5.2
5.0	7.0
1.58671586716	7.5
1.0	3.0
4.02777777778	2.33333333333
4.53768844221	8.5
4.0	3.33333333333
5.0	8.0
3.24236453202	7.81818181818
3.0	1.0
4.06830601093	10.8
4.0	11.0
4.3063583815	5.0
2.0	0.0
5.0	13.0
3.54644808743	5.0
3.0	2.0
3.87323943662	4.0
4.0	-2.0
4.0	7.0
4.0	9.0
5.0	3.5
4.535	5.5
3.11869031378	4.25
5.0	15.0
2.7572815534	5.75
2.0	13.0
5.0	-1.0
3.3074204947	11.0
5.0	6.5
5.0	5.0
3.83911671924	5.0
5.0	8.0
5.0	12.0
5.0	4.0
5.0	1.0
3.0	5.0
5.0	7.0
3.65289256198	5.5
4.0	10.0
2.0	1.0
3.89836065574	6.72727272727
2.94690265487	0.285714285714
1.0	3.0
3.0	2.0
5.0	9.0
5.0	0.0
1.0	9.0
3.75238095238	6.66666666667
3.0	5.5
2.3	-3.0
5.0	7.0
4.0	11.0
5.0	3.0
5.0	3.5
2.0	3.0
2.84782608696	5.0
1.0	-5.0
3.72131147541	8.25
2.80451977401	8.83333333333
1.0	0.0
3.58108108108	5.5
4.0	2.0
5.0	-3.0
3.0	4.5
3.0	0.0
4.09579439252	6.6
3.18300653595	0.666666666667
3.0	3.0
3.56451612903	4.0
3.43899018233	6.42857142857
1.0	0.0
3.05434782609	5.2
4.0	4.0
3.3358778626	3.66666666667
1.0	1.0
2.6185770751	1.4
1.0	8.0
5.0	7.0
4.29296875	7.9
2.61660079051	3.25
4.84772370487	12.5
4.13865546218	8.0
1.0	3.0
3.0	2.0
2.87969924812	10.0
3.25211505922	2.0
4.0	6.0
5.0	10.0
1.59259259259	1.5
4.48170731707	6.5
5.0	6.0
5.0	18.0
5.0	4.0
4.0	4.0
5.0	9.0
5.0	2.0
3.0	2.5
5.0	13.0
3.75196850394	5.6
4.02162718847	11.3529411765
1.34285714286	2.5
3.50434782609	7.5
1.0	1.0
2.25	1.0
5.0	7.0
1.0	7.0
3.20578778135	4.9
1.0	-16.0
4.03649635036	13.3333333333
2.16012084592	6.66666666667
3.51937984496	9.5
2.0	3.0
5.0	2.0
3.23765432099	1.0
4.0	3.0
5.0	8.0
5.0	5.0
3.0	4.0
3.44666666667	10.5
5.0	2.0
5.0	2.0
5.0	9.0
3.81651376147	14.5
4.0	9.0
3.0	0.0
4.32415254237	7.0
3.9748723989	6.56
1.0	0.0
3.38905325444	9.8
5.0	1.0
2.0	0.0
4.0	6.0
3.38628158845	8.0
3.0	-5.0
3.0	2.0
4.49673202614	4.0
2.52040816327	11.3333333333
2.0	4.5
3.64876033058	6.11111111111
4.0	12.0
3.84169278997	8.83333333333
3.67142857143	2.5
4.0	3.0
4.08622707764	6.92592592593
3.26356589147	11.5
3.65094339623	2.5
4.35714285714	5.5
4.0	3.0
4.0	20.0
4.49214659686	6.4
3.69649334946	5.94117647059
5.0	13.0
3.0	8.0
4.35483870968	10.5
5.0	1.0
3.54941585096	7.47058823529
1.0	2.0
5.0	6.0
4.0	8.0
5.0	0.0
4.0	10.0
3.47959183673	13.5
4.0	25.0
3.0	1.0
4.0	2.5
3.96973684211	4.90909090909
4.0	7.0
3.50675675676	4.6
1.0	8.0
5.0	14.0
2.11904761905	2.5
4.0	10.0
2.0	9.0
5.0	8.0
1.40832049307	6.33333333333
5.0	11.0
2.42168674699	8.25
2.3679245283	5.5
4.0	9.0
4.0	11.0
4.0	-3.0
4.0	6.0
3.0	5.0
4.23728813559	6.42857142857
3.0	-3.0
5.0	10.0
4.07740324594	10.4
4.0	3.0
3.23188405797	4.0
3.0	4.0
3.0	11.0
4.25436408978	4.4
4.0	7.0
3.58888888889	8.8
2.28934010152	3.4
3.0	-1.0
4.0	7.0
3.43897216274	4.16666666667
4.68983957219	6.0
3.66340508806	9.4
5.0	1.0
4.0	4.0
3.62540192926	4.7
2.0	8.0
2.0	0.0
5.0	6.0
1.0	8.0
2.09411764706	6.0
3.26868327402	5.85714285714
4.59150326797	9.5
4.0	3.0
5.0	4.0
2.95172413793	5.0
4.0	10.0
2.66	3.0
4.0	14.0
5.0	11.0
4.0	0.0
3.0	4.0
2.0	4.0
3.69808541973	5.18181818182
4.68333333333	13.75
4.0	7.0
4.0	4.0
4.0	1.0
5.0	2.0
4.0	4.0
5.0	12.0
2.94349775785	6.33333333333
3.77391304348	0.333333333333
3.56790123457	2.33333333333
4.0	-2.0
5.0	22.0
5.0	2.0
4.0	4.0
5.0	18.0
5.0	0.0
3.9477124183	5.5
5.0	8.0
4.0	11.5
3.61742424242	11.25
3.0	4.5
4.28	4.5
3.0	13.0
5.0	4.0
4.0	15.0
2.81109643329	6.5
5.0	6.0
5.0	11.0
5.0	0.0
3.69131832797	5.55555555556
5.0	2.0
4.69098712446	4.5
2.97619047619	2.5
5.0	0.0
4.38624338624	7.0
2.0	14.0
3.5519431988	7.31034482759
4.0	0.0
5.0	5.33333333333
2.65356265356	4.85714285714
4.3097826087	9.21428571429
4.0	8.0
4.30907979211	7.66666666667
3.0	-5.0
1.0	2.0
5.0	6.0
2.0	-10.0
4.35754189944	0.0
1.0	8.0
2.0	2.0
5.0	9.0
3.0	8.0
4.30656934307	8.0
4.0	9.0
4.10087719298	3.5
5.0	9.5
4.33333333333	5.6
4.28571428571	3.5
4.0	9.0
4.63009404389	7.33333333333
1.95437262357	5.66666666667
5.0	3.0
4.78707224335	7.66666666667
1.0	5.0
1.75490196078	2.5
5.0	20.0
3.0	13.0
4.59898477157	5.33333333333
4.0	4.0
4.62962962963	2.5
4.0	6.0
2.19601328904	2.5
4.66505636071	6.54545454545
4.17572463768	12.75
2.73542600897	3.33333333333
3.0	5.0
5.0	0.0
5.0	0.0
4.0	8.0
2.98113207547	0.875
4.0	20.0
1.0	-0.5
4.20212765957	6.25
4.68224299065	7.5
3.92461197339	4.9375
3.69387755102	8.0
4.11781206171	7.14285714286
1.52259332024	3.33333333333
3.0	9.0
3.0	5.0
5.0	5.0
3.0	0.0
5.0	6.0
4.0	8.0
1.0	5.0
3.94499017682	6.2
2.52528089888	3.0
2.66818181818	4.25
3.30923076923	4.88888888889
4.0422832981	4.33333333333
4.0	13.0
2.83651226158	5.4
3.33684210526	4.0
3.0	2.0
5.0	3.66666666667
3.52264808362	5.33333333333
4.65517241379	3.5
4.0	2.0
4.0	5.0
3.0	1.0
3.0	-2.0
2.63519313305	1.75
4.0	3.0
3.61460674157	5.0
4.85430463576	6.0
5.0	-2.0
5.0	7.0
2.26666666667	0.0
4.68410852713	12.0
5.0	16.5
4.0	-2.0
2.94017094017	2.66666666667
4.0	4.0
3.0	3.0
4.47439759036	5.8275862069
2.0	13.0
5.0	4.5
3.0	8.0
3.08955223881	2.5
3.26956521739	-0.333333333333
2.903930131	14.0
1.0	7.0
5.0	2.0
4.0	4.0
2.39682539683	2.2
3.37210554658	8.63157894737
4.0	6.0
2.77064220183	4.25
3.53724928367	8.47368421053
3.77870216306	8.375
1.0	-4.0
4.0	5.0
4.69003690037	16.0
3.0	12.0
5.0	7.0
4.0	8.0
3.5871886121	17.0
3.0	0.0
5.0	12.0
5.0	23.0
4.0	-2.0
2.73441108545	6.75
2.55597014925	1.75
1.0	-0.5
1.82474226804	5.0
4.0	3.0
3.8654353562	6.75
3.72058823529	8.25
3.56976744186	5.33333333333
4.0	0.0
2.69418960245	15.0
4.0	14.0
3.08045977011	4.5
5.0	18.0
1.99324324324	6.0
3.0	-3.0
5.0	3.0
4.50853242321	5.6
3.49253731343	5.125
3.0	0.0
4.0	0.0
4.0	11.0
5.0	18.0
3.64	2.0
3.4472361809	3.66666666667
5.0	2.0
3.57522123894	8.8
3.64590163934	8.2
2.0	3.0
5.0	11.5
4.046875	5.0
3.65502183406	4.57142857143
2.0	4.0
3.87398373984	8.23076923077
5.0	11.0
5.0	5.0
4.09048723898	5.25
1.72853185596	4.0
3.58563535912	1.5
4.0	4.0
4.48009950249	7.75
4.0	7.0
4.24418604651	4.0
4.27338129496	1.66666666667
2.80701754386	14.0
4.0	7.0
5.0	23.0
4.28476821192	5.0
5.0	10.0
5.0	9.0
2.62162162162	0.5
3.8896434635	14.2
4.0	15.0
1.0	3.0
4.73568281938	8.4
5.0	5.0
2.86194029851	10.0
5.0	8.0
4.09881422925	22.3333333333
3.33333333333	5.25
1.0	-1.0
5.0	11.0
3.59817351598	4.66666666667
3.5670995671	1.25
2.0	7.0
3.77744807122	2.8
2.67298105683	3.75
2.78296988577	4.5
3.8624260355	4.4
5.0	7.66666666667
4.0	5.0
1.0	0.0
4.0	3.0
2.0	5.0
3.96470588235	5.85714285714
4.11435523114	8.0
5.0	4.5
3.25850340136	11.0
3.16101694915	7.125
3.43134087237	4.75
5.0	3.0
4.0	4.0
2.73292999136	2.26666666667
3.59296482412	7.75
5.0	7.0
3.52803738318	3.5
2.43396226415	1.0
5.0	0.0
1.0	0.0
2.64634146341	9.33333333333
4.0	14.0
4.0	8.0
1.0	2.0
3.60899653979	7.125
4.0	3.0
3.19266055046	3.0
4.0	17.0
3.54852320675	3.25
3.63218390805	2.5
3.82876142976	7.60869565217
4.0	2.0
1.0	7.0
5.0	6.0
1.0	-1.0
3.0	0.0
4.0	5.0
4.0	4.0
3.0	13.0
2.0	3.0
5.0	2.0
1.92230576441	-1.5
1.0	4.0
5.0	3.0
3.02105263158	4.33333333333
4.0	21.0
3.38188976378	-0.25
3.0	0.0
4.0	4.0
4.6688453159	9.0
3.0	17.0
5.0	10.0
5.0	15.0
3.7486631016	6.0
4.0	12.0
4.18396226415	7.0
5.0	0.0
3.13461538462	7.33333333333
3.39659178931	7.23529411765
5.0	8.0
2.69724770642	5.5
3.0	2.0
4.0	5.0
4.45353159851	7.0
4.13276836158	2.75
4.56673960613	5.0
4.65993265993	9.0
3.83077994429	12.3
4.24960505529	4.81818181818
4.0	9.0
5.0	9.0
2.28787878788	-0.5
2.80526315789	4.0
3.83541666667	11.3333333333
3.33846153846	6.0
2.54978354978	3.25
4.0	8.0
4.0	-1.0
4.53164556962	5.0
3.0	0.0
2.0	-5.0
5.0	15.0
2.0	11.3333333333
1.0	-4.0
5.0	4.0
1.0	1.0
5.0	10.0
5.0	10.0
3.77064220183	1.5
1.0	-6.0
3.97445255474	2.0
4.48095238095	6.5
4.0	10.0
2.38709677419	2.0
5.0	-1.0
4.65221579961	7.75
3.41108312343	8.6
5.0	0.0
1.0	14.0
5.0	3.0
5.0	5.0
3.0	5.33333333333
4.0	5.2
1.78966789668	2.0
5.0	12.0
3.0	11.0
2.70654396728	8.83333333333
3.05572755418	7.66666666667
4.35314091681	12.3333333333
4.42245989305	11.5
4.40316205534	2.0
4.0	9.0
1.98422712934	6.0
2.83441558442	4.75
1.0	0.0
4.29190421893	7.88888888889
5.0	10.5
5.0	-2.0
4.0	0.0
4.2015503876	15.5
3.97619047619	5.2
2.27526132404	2.16666666667
1.7619047619	3.5
3.0	12.0
5.0	14.0
3.01529411765	6.4
3.0	-6.0
2.0	2.0
5.0	4.0
3.51450777202	5.78260869565
3.0	4.0
3.1270718232	2.4
3.82666666667	5.0
5.0	0.0
3.32781456954	0.714285714286
3.48137535817	0.0
3.4962962963	7.5
3.9932885906	-4.5
3.54495159059	12.8
5.0	15.0
5.0	7.0
4.0	8.0
3.59432234432	8.33333333333
5.0	1.0
4.0	7.0
5.0	24.0
2.64390243902	5.0
2.0	3.0
2.0	6.0
4.09347442681	8.5
1.0	-3.0
1.28197674419	10.5
5.0	5.0
2.6055705301	9.8
4.90588235294	9.0
1.28985507246	7.0
4.0	4.0
4.13429679239	7.86666666667
3.14830508475	10.3333333333
4.0	6.0
2.65581395349	2.4
3.2513368984	5.66666666667
3.35514018692	10.2
1.0	-3.0
3.43341121495	7.66666666667
4.0	4.0
3.0	27.0
4.12190082645	8.6
4.0	3.0
5.0	3.0
3.42253521127	10.5
4.05128205128	6.0
1.47857142857	-1.0
4.0	2.0
3.57639939486	6.83333333333
3.36997319035	4.66666666667
5.0	8.0
2.0	9.0
4.11530398323	8.85714285714
2.50653594771	8.0
3.15991471215	8.0
2.87677725118	4.0
4.0	3.0
5.0	2.0
2.35789473684	0.0
5.0	2.0
3.60416666667	8.0
2.54430379747	5.0
5.0	11.0
4.0	7.0
1.0	3.0
3.26943005181	5.76923076923
4.0	11.0
1.0	0.0
4.0	8.0
4.15306122449	2.0
3.36298292902	5.23076923077
4.3378746594	3.5
4.0	5.0
4.0	3.0
2.73793103448	4.0
1.0	11.0
3.22569444444	3.7
1.0	5.0
2.0	26.0
4.0	3.0
3.0	6.25
4.0	1.0
4.52631578947	4.2
4.60082304527	11.8333333333
1.0	4.0
3.47643097643	6.625
5.0	4.0
3.71212121212	5.0
1.0	0.0
4.27391304348	6.66666666667
3.5	12.0
3.65226781857	8.4
3.0	0.0
5.0	5.0
1.0	6.0
3.53925619835	10.1666666667
1.0	0.0
2.53409090909	5.5
2.0	-1.0
1.0	5.0
5.0	0.0
4.0	7.0
4.29549248748	9.0
5.0	-1.0
3.91533180778	5.14285714286
2.51785714286	2.2
3.67567567568	4.0
2.00059916117	4.94117647059
5.0	12.0
4.0	0.0
4.0	4.0
4.11926605505	2.0
5.0	9.0
1.21926910299	5.0
3.0	3.0
2.0	-2.0
2.0	-2.0
1.0	7.0
3.9497716895	6.75
4.02732240437	6.33333333333
2.3607907743	3.83333333333
4.07876230661	8.36363636364
1.0	0.0
1.0	-13.0
1.0	-6.0
1.35400516796	0.2
4.40860215054	8.0
3.0	1.5
2.0	6.0
4.0	4.0
2.41134751773	4.0
3.26475849732	7.0
5.0	-2.0
3.12631578947	3.5
2.32618025751	0.4
4.44390243902	6.0
3.7137229153	8.8
1.52479338843	6.75
3.0	2.0
2.0	1.0
2.0	14.0
3.47085201794	9.4
3.15980460572	6.0
2.48691099476	9.0
5.0	4.0
1.0	-6.0
3.90310077519	10.0
3.18844221106	9.5
2.35483870968	10.0
3.09012875536	6.88888888889
5.0	8.0
3.11343804538	4.33333333333
5.0	5.0
4.17060367454	10.0
3.58625336927	7.0
1.0	11.0
5.0	4.0
3.26315789474	1.0
2.0	0.0
4.0	3.0
5.0	5.0
3.17346938776	7.33333333333
5.0	10.0
4.0	-6.0
3.17058823529	5.66666666667
5.0	18.0
4.02032520325	4.33333333333
3.75609756098	2.66666666667
3.0	14.0
4.11363636364	4.75
4.49006622517	10.0
5.0	6.0
2.0	6.0
4.0	2.0
3.60546875	4.5
2.97333333333	2.25
2.0	-3.0
4.0	-2.0
1.99122807018	-2.33333333333
3.0	22.0
3.35519125683	7.5
5.0	5.33333333333
5.0	11.0
2.30445544554	2.5
2.58959537572	3.0
4.0	4.0
3.42635658915	6.5
4.47191011236	3.0
2.84298584299	3.83333333333
4.2700729927	5.0
5.0	8.5
1.0	-1.0
5.0	1.66666666667
4.0	18.5
4.0	8.0
4.0	0.0
3.0	2.0
4.64128843338	6.85714285714
2.0	2.0
4.0	18.0
4.33105802048	6.66666666667
3.82122905028	5.90909090909
4.04680654831	4.67307692308
2.97391304348	9.33333333333
3.62006079027	4.5
5.0	5.0
4.0	8.0
4.75806451613	5.0
5.0	6.0
4.4576	7.75
4.0	18.0
2.48	3.5
4.0	5.5
4.0	3.0
2.89393939394	9.5
4.19727891156	1.0
3.0	11.0
3.296875	4.0
1.0	0.0
4.215	4.0
4.0	2.0
4.44748858447	3.5
5.0	1.0
3.80995475113	5.66666666667
5.0	8.0
4.0	3.0
4.0	16.0
5.0	7.0
2.98143236074	8.0
2.0	1.0
3.0	11.5
1.96943231441	2.0
3.34255319149	5.4
5.0	10.0
4.0	2.0
4.51871657754	4.33333333333
4.27513227513	9.0
3.83067092652	3.25
1.0	-3.0
3.54773869347	5.2
4.58762886598	10.0
3.54545454545	4.25
4.0	3.0
3.0	1.0
5.0	8.0
5.0	7.5
5.0	7.0
3.0	3.0
5.0	17.0
4.55865921788	5.0
5.0	9.0
3.0	1.0
4.0	9.0
4.0	11.0
3.69613259669	5.25
4.0	2.0
1.31818181818	1.0
3.0	15.0
3.0	4.0
1.0	-1.0
1.0	10.0
5.0	0.0
5.0	20.0
4.0	13.0
1.0	0.0
4.77325581395	11.0
2.0	0.0
2.91572123177	6.4
5.0	9.5
3.45138888889	6.66666666667
3.33170731707	7.0
4.0	4.0
1.0	-6.0
4.47117099267	10.6388888889
3.82062780269	8.41176470588
4.0	-1.0
1.35514018692	3.0
4.0	28.0
3.61294188137	5.0
1.0	-1.0
4.81395348837	5.66666666667
5.0	4.0
3.30038022814	9.0
4.0	6.0
4.91304347826	3.5
1.0	-2.0
4.0	8.0
2.0	7.0
5.0	9.0
1.0	28.0
3.53007518797	6.66666666667
1.0	-6.0
4.09929078014	1.33333333333
2.0	3.0
4.85427135678	15.3333333333
2.97368421053	2.0
5.0	6.5
3.70487106017	14.0
4.0	7.0
3.74230769231	5.14285714286
4.0	7.0
5.0	0.0
3.0	4.0
2.59714285714	4.33333333333
2.0	0.0
5.0	7.0
3.48387096774	2.5
3.55737704918	2.5
5.0	3.0
4.37411764706	13.0
4.0	-1.0
4.0	8.0
3.75076923077	6.66666666667
3.1858974359	4.71428571429
1.0	7.0
3.30555555556	-0.5
4.74742268041	5.0
2.56	8.0
4.0	5.0
5.0	4.0
3.82167832168	9.5
5.0	21.0
5.0	7.4
1.3	-0.666666666667
3.65541490858	5.0
2.41830065359	8.0
5.0	15.0
3.61122244489	12.6666666667
2.02542372881	5.66666666667
5.0	12.5
2.88950276243	4.6
2.67777777778	0.5
4.0	6.0
3.0612244898	3.33333333333
5.0	2.0
4.30218068536	12.0
5.0	9.0
1.0	12.0
2.0	9.0
5.0	8.0
3.14	3.66666666667
5.0	3.5
2.15409836066	3.75
4.85714285714	3.0
3.98393574297	8.4
3.53676470588	5.0
3.24755700326	6.57142857143
4.24285714286	2.33333333333
3.56053067993	5.94444444444
5.0	12.0
4.0	5.0
4.12452830189	9.0
5.0	10.6666666667
4.53383458647	7.5
1.0	8.0
4.26181818182	7.75
4.0	6.0
5.0	8.0
2.43612334802	0.333333333333
5.0	5.0
4.0	17.0
5.0	6.0
4.27160493827	7.0
5.0	0.5
4.0	9.0
3.0	3.0
1.81003584229	3.33333333333
1.0	1.0
4.0	6.0
3.0	6.0
5.0	5.0
4.11046511628	7.66666666667
4.05673758865	4.25
3.08013544018	6.33333333333
3.31753554502	1.66666666667
5.0	11.6666666667
1.0	0.0
4.1061452514	15.5
3.31267345051	6.0
3.0	14.0
5.0	0.0
4.43367346939	6.33333333333
4.62804005722	8.44444444444
5.0	9.0
5.0	1.0
3.75409836066	4.0
5.0	3.0
4.0	6.0
4.76253298153	4.2
4.0	6.0
5.0	10.0
4.49704142012	7.5
2.0	-2.0
2.33796296296	0.0909090909091
5.0	10.0
2.0	7.0
3.0	2.0
5.0	8.0
5.0	6.0
2.56737588652	3.0
4.32824427481	4.66666666667
1.44444444444	2.5
4.1056	9.4
4.48484848485	6.33333333333
3.0	2.0
3.0	10.0
5.0	11.0
3.64179104478	8.1
5.0	5.0
3.0	3.0
3.0	8.5
2.53333333333	5.25
2.85103011094	5.57142857143
5.0	16.0
4.60669456067	5.75
4.0	10.0
4.65137614679	8.5
1.69642857143	5.5
4.54882154882	8.33333333333
2.0	-4.0
4.55428571429	4.0
4.23979591837	10.0
4.74603174603	1.5
3.51285347044	5.7
5.0	5.0
5.0	10.6666666667
4.88861985472	5.0
3.08313539192	1.75
5.0	21.0
3.98165137615	5.0
3.82569974555	12.3846153846
2.96666666667	5.5
3.0	10.0
5.0	4.0
4.64041604755	5.22222222222
2.0	-2.0
4.0	10.0
3.68432671082	15.0
3.46428571429	6.0
4.0	14.0
5.0	10.0
5.0	18.0
4.62948960302	7.85714285714
5.0	9.0
2.0	7.0
4.06284153005	3.625
4.18604651163	1.33333333333
1.0	-7.0
2.0	-4.0
1.0	-8.0
5.0	3.0
2.61467889908	4.0
5.0	19.0
1.0	-2.0
2.78403141361	9.25
3.37089201878	1.0
3.51674641148	7.11111111111
1.25721784777	5.0
3.57647058824	10.0
3.0	6.5
3.28323699422	6.71428571429
4.0	6.0
3.46511627907	5.5
5.0	9.0
3.0	5.0
2.27659574468	4.0
5.0	4.0
2.89141414141	4.0
5.0	14.0
4.57622739018	11.3333333333
3.2784503632	4.5
4.35359116022	5.0
4.0	6.0
3.5142118863	10.3333333333
2.0	2.0
4.0	8.0
4.76450511945	8.66666666667
4.83425414365	7.66666666667
4.0	3.0
3.4039408867	7.0
4.48501362398	9.6
5.0	9.0
4.0	6.5
3.0	0.0
2.0	2.0
1.0	-2.0
5.0	1.0
5.0	3.0
5.0	6.0
2.38848920863	9.5
4.61433447099	10.6666666667
4.0	9.0
3.69780500255	6.40909090909
1.0	0.0
3.97872340426	4.83333333333
4.0	10.0
5.0	3.0
3.46640316206	12.0
3.88161993769	7.25
5.0	9.0
4.18579234973	6.66666666667
4.36592178771	4.0
5.0	8.0
2.17924528302	6.5
5.0	6.0
4.0	7.5
5.0	5.0
1.74242424242	-3.66666666667
3.85868976719	7.82352941176
4.5	4.0
3.03153153153	1.375
4.55223880597	1.33333333333
4.89285714286	8.66666666667
1.64705882353	0.666666666667
4.60106382979	4.0
3.0	-1.0
3.25	8.0
4.0	7.5
5.0	1.0
4.0	3.0
5.0	5.0
5.0	0.0
3.35087719298	4.0
3.66463414634	9.0
3.0	7.0
4.29203539823	4.0
2.0	15.0
2.43181818182	4.66666666667
4.0	18.0
2.0	1.0
4.0	5.0
3.24107142857	5.0
3.96961325967	7.42857142857
2.52136752137	6.33333333333
2.6641221374	7.66666666667
4.42937853107	4.5
2.42647058824	7.0
1.0	4.0
4.0	-2.0
5.0	10.0
4.09137055838	5.66666666667
5.0	2.0
5.0	23.0
3.38288288288	11.5
5.0	5.0
5.0	8.5
1.8	4.33333333333
1.76923076923	2.5
5.0	1.0
5.0	2.0
1.0	7.0
5.0	1.0
4.0	0.0
3.0	0.0
3.92437810945	12.8333333333
3.62660443407	8.6875
4.0	7.25
3.80201342282	2.9375
3.0	3.0
5.0	5.0
3.75844155844	5.0
2.0	10.0
3.78832116788	3.0
2.88043478261	6.5
4.03504847129	8.33333333333
4.8152173913	9.5
4.02092675635	9.85714285714
5.0	7.25
4.0	6.5
3.08708708709	4.5
2.96240601504	3.33333333333
5.0	9.0
2.03243243243	0.5
5.0	2.0
4.81349206349	4.25
2.79310344828	5.0
2.0	3.0
4.0	15.0
5.0	2.0
4.0	6.33333333333
4.0	0.0
3.13274336283	3.0
3.48648648649	4.2
1.0	0.0
4.04117647059	10.6666666667
3.87662337662	4.5
5.0	2.0
4.0	4.0
5.0	14.0
2.0	13.0
4.66920152091	15.6666666667
5.0	6.0
4.0	0.0
5.0	9.0
5.0	7.0
5.0	3.0
2.0	3.0
4.0	6.0
4.57897633462	7.28571428571
4.0	1.0
4.0	0.5
2.0	1.0
2.0	7.0
3.98341625207	6.0
2.12290502793	4.5
4.17359413203	6.5
5.0	-2.0
4.3197492163	7.33333333333
3.33766233766	5.0
3.22610294118	5.08333333333
4.0	6.0
4.45212765957	9.25
2.0	-4.0
3.04560260586	6.8
5.0	26.0
1.76059322034	0.5
4.0	1.0
5.0	16.0
4.0	4.0
2.23684210526	5.0
4.0	7.0
4.33783783784	5.58823529412
4.0	3.0
2.84172661871	4.8
5.0	8.0
5.0	15.0
3.0	4.5
5.0	-1.0
1.62715517241	2.0
3.43600562588	4.77777777778
3.8829787234	2.0
2.84360189573	2.66666666667
5.0	8.0
2.14849187935	3.6
3.92824074074	9.11111111111
1.0	-2.0
3.55072463768	7.0
3.45958429561	6.75
4.0	13.0
2.0	0.0
1.0	11.0
1.0	0.0
3.0	1.0
2.65185185185	0.0
1.0	-14.0
1.62994836489	-0.5
4.27294117647	7.5
4.0	9.0
5.0	10.0
3.0	8.0
2.0	3.5
5.0	0.0
4.00404624277	5.95833333333
4.76018099548	7.75
4.0	16.0
3.0	-1.5
1.0	5.0
5.0	6.0
4.0	4.0
4.07446808511	8.0
5.0	5.0
4.0	3.0
2.1377245509	4.5
3.9499626587	7.29411764706
2.09375	-0.5
3.14136125654	1.5
5.0	30.0
3.60374414977	4.1
3.57420924574	6.07692307692
3.87002096436	7.38095238095
4.0	4.0
4.0	10.0
3.41223832528	9.5
5.0	9.0
2.58252427184	8.0
4.13437057992	5.33333333333
3.0	4.0
3.71745152355	9.0
3.87412587413	6.0
5.0	7.5
5.0	2.0
4.0	2.0
3.17647058824	1.71428571429
5.0	5.0
3.44680851064	9.5
5.0	7.0
5.0	10.0
5.0	7.0
5.0	12.0
3.0	8.0
3.68842105263	5.45454545455
2.0	5.0
1.0	-2.0
2.94520547945	1.5
2.83076923077	2.5
3.72868217054	2.5
5.0	1.0
1.0	2.0
4.0	5.0
4.51858736059	9.72727272727
3.58612440191	3.0
4.0	8.0
5.0	2.0
5.0	6.0
3.0	14.0
3.54140127389	5.5
5.0	3.5
4.94871794872	15.5
4.0	7.0
4.0	5.0
4.85542168675	10.0
4.20601851852	7.22222222222
4.0	6.0
2.65096359743	7.0
2.9247311828	7.5
5.0	14.0
2.66816143498	5.75
4.0	3.0
4.19101123596	6.0
3.27830188679	5.33333333333
4.0	17.0
5.0	0.0
5.0	7.0
3.68689320388	3.8
5.0	4.0
1.23043478261	3.0
4.0	3.0
1.0	8.0
3.0	6.0
4.42105263158	7.0
2.83861940299	7.125
3.0	6.0
2.0	4.0
4.0	10.0
4.00634517766	5.90909090909
5.0	-4.0
4.0	0.0
3.0	9.0
4.0	10.0
4.0	2.0
3.60390763766	9.11111111111
2.0	9.0
3.07692307692	1.5
5.0	6.0
3.48096304591	4.91666666667
5.0	4.0
5.0	8.0
4.0	9.0
5.0	7.0
4.61194029851	6.0
4.0	2.0
2.09473684211	-1.5
4.0	9.5
3.0	2.0
4.0	6.0
4.0	6.0
3.18721461187	4.25
3.1976284585	6.125
3.02325581395	6.5
5.0	6.0
1.0	-3.0
3.21586931155	6.8
5.0	-4.5
2.82266009852	3.75
2.52761904762	3.83333333333
4.66747769667	11.75
5.0	-3.0
4.0	0.0
2.0	10.0
3.05741983594	7.92857142857
3.47282608696	5.0
2.91720779221	5.0
4.28084555651	8.20833333333
2.91954022989	6.0
5.0	12.0
1.66409266409	2.33333333333
4.0	7.0
3.0	11.0
2.75423728814	3.16666666667
4.0	1.5
3.0	0.0
2.0	3.0
3.0	5.75
4.0	4.0
4.05496453901	8.88888888889
4.0	4.0
2.7037037037	0.0
2.0	-3.0
2.0	2.0
1.0	1.33333333333
5.0	6.0
1.0	0.0
4.0	1.0
4.0	11.0
5.0	7.0
2.81973684211	7.55555555556
4.0	6.0
3.0	0.0
4.35371179039	16.0
2.0641025641	3.0
3.89294403893	8.25
2.23350253807	-0.75
5.0	19.0
3.11111111111	-0.5
1.95689655172	1.5
5.0	3.4
5.0	5.0
1.0	-11.5
3.78963414634	9.0
4.50913242009	5.14285714286
5.0	6.0
1.0	-1.0
5.0	7.0
4.36490250696	14.0
4.0	13.0
4.0	15.0
4.14285714286	8.33333333333
3.58068783069	7.25
3.72278338945	4.66666666667
4.0	5.0
1.0	-6.0
1.0	3.0
2.0103626943	5.25
3.875	7.66666666667
1.0	9.0
2.60188933873	6.44444444444
3.68857142857	2.75
1.0	0.0
1.0	-12.0
5.0	2.0
3.0	8.0
5.0	9.0
5.0	3.0
4.58588235294	3.2
1.0	-3.0
5.0	8.0
3.23758865248	5.33333333333
2.1268115942	-2.33333333333
4.0	0.0
3.0	10.0
5.0	2.0
5.0	16.0
1.0	0.0
2.0	10.0
4.5474137931	10.3636363636
4.69696969697	5.0
5.0	4.0
2.72602739726	3.0
3.0	10.0
2.75418994413	0.0
1.0	14.0
4.0	0.0
3.0	2.0
5.0	3.0
2.0	0.0
5.0	10.0
1.86363636364	5.33333333333
4.0	7.0
4.0	5.0
4.37565217391	8.0
1.0	-8.0
2.43457943925	2.6
5.0	8.5
4.28350515464	7.33333333333
5.0	10.0
5.0	15.0
3.0	7.0
3.6875	0.5
1.0	11.0
3.52153110048	9.8
5.0	1.0
5.0	18.0
4.0	6.0
2.18385650224	3.9
4.0	11.0
2.94444444444	4.0
3.06463642014	7.41176470588
3.27962085308	6.5
2.69902912621	1.0
5.0	6.0
4.21780986763	7.4
1.60563380282	0.0
4.0	4.0
4.0	5.0
4.0	6.0
4.0	0.0
2.17159763314	11.6666666667
1.0	-2.5
3.0	-1.5
3.04054054054	5.0
3.06194690265	13.3333333333
2.64406779661	3.0
4.54430379747	7.0
5.0	5.0
3.0	4.0
2.0	2.0
4.0320855615	16.6666666667
2.61538461538	15.0
5.0	4.0
4.0	2.0
4.23170731707	10.5
5.0	14.0
4.0	25.0
1.53526970954	4.0
2.16009557945	6.5
5.0	2.0
4.44	6.0
3.2652259332	6.0
3.79527559055	5.75
4.0	1.0
5.0	14.0
3.34958506224	7.66666666667
3.11467889908	8.75
2.32963374029	8.66666666667
2.67857142857	0.0
4.0	11.0
3.0	7.0
3.0	-1.0
4.29349148418	12.4838709677
4.23797468354	16.0
2.47413793103	9.5
5.0	0.0
1.0	4.0
2.0462633452	3.8
3.0	0.0
3.0	11.0
2.75700934579	3.0
3.94505494505	2.66666666667
2.6017699115	3.5
3.98853211009	5.0
1.0	-5.0
4.05030355594	4.21428571429
3.85140562249	6.66666666667
3.52044609665	13.0
4.23890784983	5.66666666667
3.79359430605	3.33333333333
2.89156626506	5.5
2.82706766917	3.4
4.0	3.0
3.0	13.0
3.0	6.0
1.0	-4.0
2.34741784038	1.5
5.0	15.0
5.0	12.6666666667
4.0	4.66666666667
2.58630136986	0.9
4.0	6.0
1.95769230769	2.0
4.0	6.0
4.0	9.33333333333
5.0	2.5
1.0	4.0
4.2711038961	7.75
2.66666666667	7.25
2.71408250356	3.22222222222
4.65090909091	4.66666666667
4.0	5.0
2.0	0.0
4.60109289617	4.66666666667
3.57258064516	7.66666666667
3.86602870813	2.5
3.0	3.0
3.84450923226	8.14285714286
3.80185399768	8.11111111111
1.67068965517	3.33333333333
5.0	-2.0
4.70114942529	-2.0
4.0	5.0
1.0	-1.0
1.0	2.25
2.0	10.0
4.0	10.0
3.88785046729	7.6
4.4094488189	5.5
4.0	5.0
3.8992248062	2.33333333333
3.72549019608	6.81818181818
5.0	8.0
3.08101851852	4.5
4.0	9.0
4.0	6.0
5.0	4.0
2.25925925926	6.75
3.0	9.0
1.0	-11.0
5.0	15.0
4.35714285714	4.5
4.0	7.0
2.0	9.0
3.8753894081	3.33333333333
3.0	-8.0
3.0	2.0
5.0	-1.0
2.0	0.0
3.70089285714	6.0
1.0	-4.0
4.0	10.0
3.9897854954	7.6
2.0	0.0
3.72899728997	9.25
2.65086887836	8.5
5.0	4.0
1.77611940299	1.66666666667
2.0	3.0
5.0	-1.0
3.42613151153	6.25
3.0	-5.0
4.0	2.0
1.0	-3.0
2.40310077519	5.0
3.208	10.3333333333
5.0	9.0
2.47107438017	0.0
5.0	0.5
3.91729323308	5.66666666667
5.0	3.0
1.53228120516	1.0
4.18579234973	7.5
2.98746867168	5.66666666667
3.17507418398	1.8
3.5092936803	3.625
1.0	15.0
4.62962962963	1.5
2.96888412017	7.70588235294
4.95652173913	7.5
4.0	3.0
5.0	2.0
4.0	2.0
4.14144736842	6.6
2.7389380531	18.0
5.0	15.0
4.22768608959	10.3448275862
4.0	8.0
5.0	0.0
3.0	13.0
5.0	0.0
3.99168399168	3.42857142857
3.0	3.0
4.01988636364	5.2
4.0	2.5
4.14285714286	2.0
2.0	-5.0
3.87234042553	9.5
2.0	1.0
4.39066339066	3.4
4.0	13.0
3.0	3.0
3.9013671875	2.0
3.33596837945	1.5
2.8031026253	3.375
4.36363636364	11.5
4.51436031332	17.0
4.65699208443	12.0
4.0	6.0
3.0	0.0
5.0	8.0
4.0	10.0
4.0	8.0
4.0	4.0
3.0	14.0
5.0	6.0
3.04362801378	5.52631578947
4.0	11.0
4.37634408602	6.0
3.10104529617	1.66666666667
5.0	13.0
1.0	-9.0
5.0	4.0
4.1693989071	7.33333333333
3.1452104942	4.33333333333
3.61755485893	7.66666666667
5.0	15.0
4.35251798561	6.6
5.0	23.0
5.0	1.5
3.91023339318	8.5
4.0	12.0
1.0	13.0
5.0	12.0
4.0	9.0
5.0	10.5
4.0	7.0
5.0	2.0
3.0	0.0
5.0	5.0
2.32018209408	11.0
1.0	6.0
4.14035087719	-1.0
3.0	2.0
4.0	13.0
2.65567010309	10.3333333333
5.0	10.0
3.44166666667	1.0
3.0	0.0
1.0	5.0
4.19480519481	9.0
3.38914549654	9.42857142857
5.0	2.0
4.0	2.5
5.0	14.0
3.0	11.0
1.0	5.0
3.37301587302	4.5
3.74621212121	10.0
5.0	8.0
3.84848484848	3.33333333333
3.7903930131	4.25
2.30062305296	3.25
4.38955823293	3.33333333333
4.0	7.0
5.0	6.5
2.60297766749	8.875
3.26	0.666666666667
2.86739130435	7.84615384615
3.0	16.0
3.22857142857	7.0
4.0	3.0
4.15735294118	5.63636363636
5.0	14.0
4.0	4.0
4.15789473684	5.5
4.0	1.0
4.0	0.0
3.6689453125	6.57142857143
4.410041841	6.75
3.8417721519	3.5
3.29385964912	7.5
3.0	4.0
5.0	18.0
5.0	3.0
3.47619047619	9.42857142857
4.0	2.0
3.0348583878	7.0
4.0	10.0
4.46884272997	8.25
3.81386861314	6.25
3.0	5.0
4.43307086614	10.0
4.29989327641	5.8
3.88265971317	4.5
3.92314990512	4.66666666667
3.51724137931	8.2
4.0	9.0
4.0	3.0
2.93798449612	1.33333333333
5.0	10.0
5.0	8.0
4.43969849246	5.4
5.0	20.0
3.96130346232	10.8333333333
3.23617511521	5.33333333333
4.0	5.0
3.54506437768	5.33333333333
4.04555555556	5.81818181818
5.0	6.0
4.0	1.0
3.60576496674	6.26086956522
5.0	19.0
5.0	0.0
5.0	3.0
4.19431279621	10.5
4.7027027027	4.5
5.0	-1.0
2.49946178687	7.3
3.0	15.0
3.66176470588	8.66666666667
4.19601328904	6.875
5.0	1.0
4.0	6.0
3.18213660245	2.8
4.0	4.0
4.0	18.0
2.94623655914	3.0
5.0	9.0
3.7542662116	2.25
2.89558232932	8.0
5.0	0.5
3.0	0.0
5.0	8.0
2.74447949527	4.75
5.0	7.0
4.66857142857	5.66666666667
1.0	0.0
3.59488272921	15.6666666667
5.0	-3.0
5.0	0.0
5.0	5.0
5.0	13.0
4.0	4.5
5.0	8.0
3.62608695652	9.0
5.0	4.0
1.0	0.0
3.95561357702	1.6
5.0	2.0
5.0	-2.0
4.54017857143	5.33333333333
3.0	-2.0
2.52202643172	7.0
3.0	1.0
3.0	-2.0
1.0	-2.0
5.0	0.0
3.0	2.0
1.0	1.0
3.59619450317	2.33333333333
3.32317073171	3.06666666667
2.92258064516	1.66666666667
3.54268292683	7.0625
2.0	5.0
4.85249042146	6.25
1.0	-5.0
5.0	1.0
5.0	12.0
1.0	-3.0
5.0	0.0
3.0	0.0
3.0	17.0
2.32	3.5
5.0	7.5
3.4923857868	7.4
5.0	15.0
5.0	38.0
4.0	0.0
4.0	4.0
3.18561484919	2.33333333333
2.0	2.0
2.16666666667	5.0
1.77477477477	4.5
1.84021543986	1.66666666667
3.87452471483	7.33333333333
5.0	4.0
2.03355704698	6.5
4.0	2.0
4.0953271028	12.75
4.0	10.0
2.0	7.0
2.48085106383	5.5
4.0	6.0
1.0	0.0
2.55805243446	3.33333333333
4.02904564315	12.5
3.60843373494	7.5
4.0	6.0
2.91139240506	4.0
2.93072824156	8.66666666667
3.67041198502	10.0
3.0	3.0
2.0	3.0
3.0	8.0
5.0	8.0
4.68045112782	8.61538461538
1.0	-6.0
1.0	3.0
3.0	1.0
1.0	11.0
4.0	8.5
4.0	8.0
4.31144067797	9.2
1.0	-1.0
3.62144053601	4.875
3.0	7.0
5.0	4.5
3.59064327485	6.0
3.05603448276	14.6
4.0	4.0
5.0	7.5
3.95378151261	11.0
3.99087452471	5.64285714286
3.0	8.0
5.0	2.0
1.0	4.0
1.0	-1.0
5.0	13.0
4.0	7.0
2.48101265823	2.0
4.0	7.5
4.09030100334	9.71428571429
5.0	12.0
5.0	3.25
3.77049180328	13.0
5.0	5.0
2.0	8.0
4.26015037594	9.0
3.00383141762	0.5
4.0	18.0
3.39723661485	6.28571428571
3.5651095494	9.05263157895
5.0	26.0
3.34896810507	7.83333333333
2.0	10.0
4.45967741935	5.5
3.0	5.0
3.71604938272	-0.333333333333
3.58048780488	4.5
3.20836012862	5.27777777778
3.0	0.0
3.0	5.0
4.0	16.0
5.0	4.0
5.0	-1.0
2.94078947368	8.66666666667
4.0	12.0
4.0	9.0
3.6	-2.2
3.45106382979	8.5
4.0	18.0
5.0	4.0
1.0	-3.0
5.0	2.33333333333
3.32217573222	5.0
4.0	-2.0
3.11282051282	1.0
2.82728592163	3.11111111111
5.0	8.0
4.0	7.0
2.9735915493	3.625
4.46418338109	11.5
4.0	16.0
5.0	1.5
4.0	6.0
4.51492537313	2.0
2.08791208791	6.5
5.0	13.0
1.27976190476	-2.0
5.0	3.0
3.388	9.5
3.11111111111	4.5
4.0	9.0
4.0	8.0
4.0	3.0
3.75207986689	7.83333333333
4.21686746988	7.2
3.15805471125	8.25
3.0	0.0
4.08571428571	8.0
4.39644970414	9.5
5.0	3.0
4.0	15.0
1.0	2.0
4.35714285714	6.0
4.0	-1.0
2.0	5.0
4.0	7.0
3.83243243243	5.14285714286
1.0	-1.0
3.89361702128	6.83333333333
5.0	2.0
4.0	8.0
4.0	2.0
3.0	7.0
2.0	7.0
4.16570605187	8.4
2.0	15.0
3.0	8.0
5.0	3.0
5.0	19.0
2.88765603329	6.08333333333
5.0	8.0
4.32781456954	8.5
3.0	9.0
5.0	7.0
4.55421686747	7.5
5.0	2.0
2.0	-17.0
4.0	6.0
1.0	-4.0
5.0	8.0
3.98514851485	6.0
5.0	5.0
5.0	25.0
3.28820960699	7.66666666667
5.0	1.0
5.0	10.0
2.74861367837	10.9166666667
2.08196721311	4.0
3.67146974063	4.57142857143
2.0	2.5
5.0	3.0
2.81967213115	1.5
1.0	5.0
5.0	23.0
1.0	5.0
4.07449856734	6.0
1.50877192982	4.0
4.0	2.0
5.0	0.0
4.0	12.0
4.0	10.0
4.0	14.0
4.0	3.0
4.0	2.0
4.0	7.0
2.0	2.0
3.50967741935	0.0
3.44554455446	2.0
4.22868459454	8.36538461538
3.0	2.5
4.65367965368	12.0
4.2010178117	5.66666666667
4.0	19.0
3.0	4.0
4.0	12.0
5.0	0.0
3.63003663004	6.75
5.0	12.0
1.0	-6.0
5.0	5.0
4.0	3.0
3.0	6.0
2.73154362416	2.0
3.0	6.0
3.27455357143	13.3333333333
3.07387387387	7.0
5.0	6.0
4.17210753721	5.0
2.84345047923	3.0
3.0	3.0
5.0	12.0
4.0	3.0
2.90740740741	4.0
4.13090909091	6.6
4.0	7.0
4.09148264984	5.75
1.71337579618	-1.0
4.0	2.0
4.96681415929	14.0
1.0	5.0
3.0	5.0
4.0	6.0
4.22169811321	8.66666666667
3.35406698565	3.83333333333
3.0	4.0
3.33707865169	4.5
2.87662337662	2.30769230769
3.69651741294	4.33333333333
3.28571428571	3.8
4.35227272727	4.0
4.54435483871	3.1
4.0	0.0
1.0	-3.0
3.60238568588	3.5
3.69181380417	7.0
5.0	13.0
4.0	6.0
5.0	8.0
4.0	8.0
3.0	3.0
1.0	5.0
4.34375	2.33333333333
5.0	13.0
2.73553719008	3.33333333333
3.38401559454	9.5
3.81560283688	5.66666666667
4.0	2.0
5.0	2.0
3.0	4.0
1.0	-2.0
4.69387755102	6.33333333333
3.0	3.0
3.46	2.0
3.60355029586	5.0
4.3568818514	7.44444444444
4.0	7.0
5.0	7.0
4.0	9.0
4.0	7.0
3.97286012526	10.6
3.46798029557	9.33333333333
3.55760368664	10.5
3.67362924282	2.8
2.37254901961	1.5
2.6968641115	5.25
5.0	18.0
3.0	5.0
4.04318936877	4.81818181818
1.0	0.0
3.20310296192	5.75
5.0	7.0
5.0	-4.0
3.27503974563	10.2
4.0	2.0
2.0	0.0
4.50316742081	8.05
3.0	5.0
2.0	5.0
1.0	-10.0
1.0	1.0
2.22048997773	1.75
4.0	3.5
5.0	-2.0
5.0	6.0
1.30597014925	3.0
4.0	12.0
2.0	-2.0
3.0	1.0
3.0	3.0
1.0	-2.0
2.0	8.0
4.0	12.0
4.0	5.0
3.26905829596	3.25
5.0	20.0
5.0	3.0
2.88031914894	7.0
3.6463963964	6.33333333333
5.0	4.5
3.64655172414	7.33333333333
4.46478873239	3.5
3.47842401501	10.6666666667
5.0	17.0
3.0	-3.0
5.0	12.0
3.0	18.0
4.0	9.0
1.97510373444	4.33333333333
4.35992217899	7.5
5.0	8.0
4.0	11.0
4.38636363636	6.8
2.7696969697	7.2
3.31557846506	5.73684210526
3.73684210526	2.33333333333
4.0	5.0
4.63636363636	6.5
5.0	3.0
5.0	2.0
3.0	8.0
5.0	4.0
4.0	3.0
5.0	2.5
3.60574412533	2.0
4.60483870968	9.5
3.52040816327	7.0
1.0	9.0
5.0	6.0
4.19736842105	5.75
1.0	-1.0
3.57243816254	5.33333333333
5.0	7.0
3.89750957854	7.38461538462
3.3164556962	5.25
2.0	3.0
4.0	5.0
4.0	9.0
3.90660592255	9.16666666667
1.0	2.0
4.0	14.0
3.0	7.0
5.0	5.0
5.0	5.0
5.0	5.0
4.13057324841	7.4
5.0	2.0
5.0	6.0
3.0	6.5
1.91275167785	1.0
2.42745098039	2.66666666667
3.39305555556	6.27777777778
4.04611650485	5.4
4.39588688946	6.71428571429
1.0	2.5
1.0	8.0
5.0	18.0
3.6784107946	8.11111111111
1.0	12.0
5.0	12.0
3.0	3.0
4.0	0.0
5.0	0.0
2.0	15.0
2.87362637363	7.2
3.8661971831	6.44444444444
5.0	10.0
4.0	13.0
5.0	9.0
4.0	25.0
5.0	2.0
4.0	6.0
3.0	12.0
3.92380952381	6.25
1.91881918819	9.5
2.11510791367	-1.0
3.0	2.0
4.0	9.0
1.48444444444	5.33333333333
4.64797507788	4.25
3.04934210526	4.57142857143
5.0	20.0
3.0	-2.0
3.86622807018	7.4
2.0	4.0
3.16318785579	4.81818181818
3.0	11.0
4.0	6.0
2.0	8.0
5.0	6.0
5.0	13.0
3.0	0.0
5.0	14.0
3.0942408377	3.66666666667
1.50213371266	-0.428571428571
4.59484777518	5.16666666667
5.0	6.0
5.0	7.0
4.0	1.5
5.0	9.0
3.0	5.0
1.0	0.0
4.08727272727	6.38461538462
5.0	8.5
4.0	3.0
1.0	1.0
4.23376623377	4.0
4.0	3.0
1.0	-7.0
5.0	12.0
5.0	7.0
1.0	4.0
3.56363636364	11.4444444444
4.0	8.0
1.0	0.0
3.99418604651	2.83333333333
4.0	5.0
4.0	8.0
3.0	3.0
2.12903225806	-1.0
4.0	6.0
4.65022421525	9.0
4.0	9.0
4.0	11.0
3.0	2.0
2.0	1.5
4.29608938547	5.2
4.33773087071	13.0
4.33793103448	7.5
3.0	2.0
3.0	3.0
5.0	12.0
4.12688172043	6.6
3.0	2.0
4.0	-8.0
5.0	20.0
3.0	8.0
5.0	6.0
4.35593220339	5.66666666667
4.0	0.0
4.0	3.0
1.0	-6.0
4.21828103683	9.5
1.69827586207	1.0
2.05031446541	2.66666666667
4.37588652482	3.5
5.0	5.0
4.34862385321	4.33333333333
3.0	3.0
1.89361702128	4.0625
4.06869369369	21.25
4.0	17.0
5.0	9.0
3.0	9.0
3.0	0.0
4.0	-1.0
1.42211055276	0.0
5.0	13.0
3.6356466877	5.66666666667
4.0	5.0
1.57391304348	-3.0
3.0825815406	6.61538461538
3.48185941043	4.8
3.8432483475	10.2
5.0	5.0
5.0	0.0
5.0	4.0
3.16379310345	8.66666666667
3.44769874477	6.66666666667
4.13256851498	10.2142857143
1.0	-7.0
4.35416666667	4.0
4.09090909091	10.75
4.0	5.0
3.0	3.0
3.0	3.5
5.0	6.0
3.0	-1.0
2.20437956204	3.25
2.72586872587	4.14285714286
4.0	1.0
3.37857142857	10.6666666667
3.51376146789	4.66666666667
1.62348178138	-1.0
5.0	9.0
1.0	0.0
4.0	12.0
4.0	5.0
5.0	-3.0
4.80144404332	5.0
5.0	3.0
5.0	0.0
2.65662650602	6.5
5.0	10.0
4.0	7.0
2.0	3.0
4.0	3.0
4.13260869565	4.4
3.34523809524	5.5
4.0	12.0
3.0	8.0
4.0	5.0
3.0	21.0
5.0	2.5
4.0	5.0
2.41942604857	4.6
5.0	2.0
5.0	7.0
4.0	3.0
4.0	0.0
3.0	7.0
5.0	11.0
3.12658227848	1.5
5.0	3.0
3.0	10.0
3.0	0.0
5.0	7.0
3.50533049041	4.0
3.70812182741	7.66666666667
5.0	15.0
5.0	2.0
3.88547486034	7.0
5.0	6.0
4.0	-2.0
1.84294871795	1.0
4.0	8.0
2.57718120805	0.0
2.61058738216	9.0
5.0	-1.0
4.0	10.0
2.32857142857	1.66666666667
5.0	4.0
3.0380794702	5.7
4.0	7.0
4.29889298893	14.0
3.0	3.0
2.23364485981	5.75
5.0	10.0
3.98314350797	8.0
5.0	0.0
4.0	1.0
4.0	1.0
2.82491186839	5.0
1.0	7.0
5.0	-2.0
3.73913043478	7.0
4.0	6.5
1.0	4.0
3.75510204082	-0.5
5.0	2.0
1.0	1.0
5.0	5.0
4.32783018868	3.8
3.14772727273	2.0
3.0	3.0
2.74561403509	4.0
4.0	12.0
1.0	0.0
4.60064935065	2.75
5.0	11.0
5.0	21.0
3.37520128824	4.66666666667
4.73493975904	1.0
3.0	3.0
5.0	9.0
3.0	4.5
4.58831341301	8.0
5.0	6.0
4.09589041096	16.0
2.0	2.0
3.0	2.0
4.38053097345	4.0
5.0	2.0
3.64788732394	5.0
2.98816568047	1.33333333333
5.0	9.0
4.18292682927	2.0
2.0	3.0
2.0	0.0
4.48148148148	8.5
2.0	3.0
4.0	2.0
3.0	5.0
5.0	8.0
2.91782407407	5.28571428571
3.40740740741	-1.5
3.0	0.0
5.0	13.0
2.72222222222	0.666666666667
4.57575757576	4.0
4.11764705882	9.33333333333
4.0	2.0
5.0	24.0
4.29595015576	10.25
2.78053435115	7.0
3.80503144654	3.0
5.0	7.0
4.0	6.0
5.0	5.33333333333
2.30434782609	8.0
5.0	8.0
4.15620886354	5.58064516129
4.0	-1.0
3.0	2.0
2.0	-3.0
3.24014336918	0.0
3.0	22.0
3.0	3.0
4.05293005671	5.16666666667
4.79373368146	11.0
5.0	12.0
1.0	2.0
3.14917127072	2.5
5.0	1.0
2.44371727749	7.75
4.94294770206	9.30769230769
2.97303128371	7.14285714286
3.81919642857	7.8
3.0	3.5
2.0	2.0
4.63963963964	0.5
5.0	9.0
1.37037037037	2.5
3.27358490566	6.75
4.77298050139	5.90909090909
3.0	2.0
5.0	6.0
4.51369863014	13.0
3.0	4.0
2.0	1.0
5.0	2.0
4.0	1.0
2.0	2.0
5.0	3.0
2.0	5.0
4.0	9.5
2.0	0.0
4.14074074074	7.25
4.0	9.0
4.0	8.0
1.32974910394	7.5
4.25976385104	4.55
5.0	9.0
3.48937360179	4.32258064516
3.87375	9.0
3.96403872752	11.8333333333
4.05565068493	6.15625
4.0	32.0
2.0	5.0
1.0	6.0
3.38860544218	9.4
5.0	5.0
4.0	4.0
1.85714285714	3.5
1.0	0.0
3.0	4.25
5.0	9.0
4.49541284404	10.0
3.97797356828	9.33333333333
3.34923492349	11.4545454545
3.81382978723	5.8
3.82845188285	4.2
2.84583333333	9.33333333333
3.97357723577	12.25
5.0	11.0
1.0	3.0
3.0	5.0
4.18856121537	8.58333333333
4.0	12.0
4.0	4.0
5.0	6.0
4.0	2.0
4.6130952381	4.0
3.3795620438	7.0
3.0	7.0
2.7400241838	2.33333333333
5.0	10.0
4.90853658537	12.6666666667
1.0	8.0
5.0	19.0
3.78832116788	7.0
3.64657814096	5.58333333333
3.81382341191	8.375
4.72072072072	11.5
4.0	3.0
4.79020979021	3.66666666667
3.8567251462	7.5
3.0278372591	4.83333333333
5.0	4.0
3.40419086089	9.27272727273
5.0	9.0
3.36538461538	6.5
2.9140625	0.5
3.37751004016	7.0
2.42584745763	5.66666666667
3.82786885246	5.0
5.0	2.0
5.0	4.0
5.0	0.0
1.0	-3.0
4.03617945007	13.0
4.0	5.5
1.0	-0.5
4.0	-0.5
1.72361809045	7.0
5.0	4.0
2.56804733728	2.66666666667
5.0	4.0
4.0	5.0
4.49696969697	9.5
3.0	8.0
5.0	10.0
1.0	0.0
3.49831649832	6.66666666667
3.77442827443	4.42857142857
4.0	3.33333333333
3.25272547076	8.25
4.17714285714	4.5
4.16935483871	7.5
3.5	9.25
3.00823045267	7.23529411765
4.25178826896	5.75
3.7100456621	1.42857142857
4.0	5.0
5.0	6.0
4.0	0.0
4.3982300885	-1.5
3.20333333333	8.8
5.0	7.83333333333
4.0	0.0
5.0	9.0
3.83184855234	6.15384615385
4.0	2.0
4.25078369906	5.0
5.0	13.0
3.53309265945	9.57142857143
4.0	5.0
3.0	0.0
4.0	1.0
3.0	-3.0
2.16152019002	2.875
2.1889483066	0.666666666667
3.84229390681	2.6
2.0	1.0
4.0	-7.0
5.0	13.0
1.0	0.0
5.0	6.5
2.0	4.0
3.0	9.0
3.34455445545	5.625
3.91558441558	4.14285714286
3.125	4.33333333333
1.64640883978	-0.2
3.23887587822	5.66666666667
4.19791666667	15.5
5.0	-2.0
5.0	3.0
3.31779661017	9.66666666667
2.0	0.333333333333
3.75141242938	6.75
4.49769053118	6.42857142857
5.0	8.0
5.0	12.0
4.16931216931	5.0
5.0	3.0
1.86612903226	3.8
2.50526315789	1.66666666667
5.0	4.0
3.47540983607	5.0
3.71759259259	6.0
3.07546115148	4.5
2.0	-2.0
5.0	9.0
3.325	2.25
3.57740585774	9.0
2.07509881423	0.2
3.0	6.0
3.0	0.0
4.18089990817	5.27272727273
4.621875	3.66666666667
2.98919753086	4.0
4.55284552846	17.0
5.0	-1.0
3.0	4.0
2.21734234234	6.0
1.0	-3.0
1.62841530055	0.5
3.0	6.0
3.73831775701	2.0
5.0	0.0
4.0	19.0
1.375	3.5
3.82491582492	-1.6
3.54191616766	6.75
5.0	7.0
3.0	7.0
3.05208333333	5.71428571429
3.0	5.0
3.42095588235	4.55555555556
4.26388888889	8.0
3.34535367545	3.71428571429
4.58609271523	6.25
4.0	6.0
3.0	4.5
5.0	7.0
1.62056737589	-6.0
5.0	5.0
4.53898305085	12.0
3.40160891089	4.72222222222
4.0	6.5
5.0	3.0
3.90680100756	7.2
3.24852071006	7.0
1.0	4.0
2.0	3.0
3.93130165289	8.71428571429
5.0	0.0
3.49246231156	3.33333333333
1.228	6.5
1.0	0.0
3.65470852018	6.0
3.83619344774	7.94117647059
4.0	0.0
4.56	5.0
5.0	12.0
4.0	15.0
5.0	0.0
2.04983388704	4.66666666667
4.14049586777	11.0
3.65306122449	7.5
3.70905414514	7.59405940594
3.47596153846	1.0
3.95544554455	7.66666666667
3.78175895765	8.33333333333
4.0	6.0
4.0	18.0
3.0	4.0
1.0	3.0
3.9256248118	7.02702702703
3.23661971831	11.1428571429
4.0	0.0
2.42408906883	4.5
4.0	14.0
4.0	8.5
3.0	3.0
4.05617977528	6.66666666667
4.1935483871	3.5
4.0	2.0
5.0	4.0
4.0	2.0
2.60669456067	8.25
3.53305351522	5.7
2.49523809524	7.5
3.0	0.0
5.0	0.0
4.43262411348	3.0
2.0	0.0
5.0	0.0
4.0	6.0
2.62608695652	1.0
5.0	18.5
3.55915775401	5.675
4.0	4.0
5.0	10.0
3.0	13.0
2.0	10.0
2.09318996416	8.25
5.0	1.0
3.0	-2.0
5.0	6.0
4.53289473684	6.5
2.37549407115	10.0
4.13736263736	6.5
4.09024979855	7.75
1.0	5.0
3.0	4.0
3.36296296296	6.5
2.0	5.0
1.43859649123	1.0
2.16560509554	4.33333333333
5.0	5.0
4.0	9.0
2.55263157895	1.5
1.92	2.83333333333
3.83816964286	6.08333333333
5.0	14.0
5.0	10.0
5.0	4.0
5.0	0.0
4.20836965998	10.5
4.0	10.0
5.0	8.0
4.83139534884	0.5
4.52818371608	5.1
3.0	6.0
3.0	-3.0
4.0	7.0
3.35181451613	9.0
1.0	7.0
3.70146520147	4.71428571429
1.0	9.0
1.0	2.0
1.0	5.0
3.0	0.0
4.35057471264	11.0
2.0	3.0
4.05882352941	9.0
5.0	2.0
3.0	7.0
5.0	5.0
3.0	-0.5
3.64516129032	5.5
5.0	2.0
5.0	4.0
1.0	5.0
3.48888888889	5.0
3.55507559395	8.33333333333
4.0	9.0
4.0	6.0
3.78213507625	4.5
4.0	0.0
3.45283018868	5.0
4.43287037037	10.4
5.0	10.0
3.70774091627	16.3333333333
2.0	0.0
3.86272189349	6.45454545455
3.0	4.0
2.0	1.0
2.79602888087	9.8
5.0	3.0
4.0	11.0
3.91428571429	3.33333333333
2.97205588822	7.66666666667
2.5495049505	5.0
2.83854166667	5.66666666667
2.0	2.0
1.0	-2.0
5.0	6.0
3.78764478764	6.0
2.625	7.5
3.83174603175	3.6
4.35849056604	1.0
4.0	12.0
3.0	10.0
4.25039042166	5.47916666667
3.37083811711	6.72727272727
2.45410628019	5.33333333333
4.22222222222	5.66666666667
4.76276276276	9.0
4.0	3.0
4.55813953488	6.66666666667
1.0	-4.0
4.0	5.0
5.0	5.0
4.78378378378	10.5
5.0	17.0
3.0	2.5
4.0	11.0
5.0	1.0
3.0	15.0
3.22413793103	10.0
4.0	11.0
1.0	0.0
4.0	4.0
5.0	4.0
3.1186440678	9.33333333333
4.12694877506	6.16666666667
4.0	9.0
3.0	22.0
2.0	11.0
2.02247191011	0.5
4.40816326531	-1.0
5.0	2.16666666667
3.0	10.0
4.60465116279	5.0
3.20895522388	1.66666666667
5.0	5.0
2.97379912664	-6.0
2.0	11.0
3.8718381113	9.0
4.04166666667	0.666666666667
2.32816537468	-0.25
1.0	8.0
3.0	0.0
4.68163265306	5.5
3.20289855072	9.0
5.0	5.66666666667
3.0	0.0
3.86061307114	8.1
2.47967479675	9.75
4.64583333333	2.33333333333
2.0	16.0
3.0	16.0
1.0	-4.0
2.0	12.0
3.38485158649	6.95238095238
5.0	0.0
5.0	6.5
3.86460032626	7.57142857143
3.05385556916	4.7
4.41666666667	10.5
1.0	3.0
3.6021978022	7.0
5.0	3.0
5.0	2.5
2.0	0.0
3.0	1.0
4.0	6.0
4.0	5.0
3.54697286013	4.75
3.0	11.0
5.0	4.0
5.0	8.0
2.61151079137	8.58333333333
4.15487421384	5.32558139535
4.0	3.0
1.0	0.0
3.30769230769	4.9375
3.0	3.0
4.0	10.0
2.61858190709	4.0
4.0	11.0
3.19252873563	8.66666666667
3.70768269831	7.55
3.71573604061	2.0
4.52413793103	6.0
4.80790960452	4.0
5.0	2.0
4.46406570842	5.66666666667
4.0	5.0
2.95007132668	9.66666666667
4.0	0.0
1.52354570637	7.0
3.26315789474	7.0
3.68177083333	8.0
5.0	4.0
3.0	14.0
1.0	-2.0
2.45	4.5
5.0	6.5
3.62479338843	6.5
5.0	3.0
2.421875	0.0
5.0	6.0
5.0	1.0
5.0	4.25
2.0	0.0
3.0	7.0
1.0	0.0
5.0	12.0
5.0	13.0
3.0	0.0
4.34899328859	5.0
1.0	0.0
3.25974025974	1.0
2.85990338164	6.0
2.65566037736	2.0
5.0	5.5
4.66570605187	8.0
1.0	4.0
3.59547738693	9.0
4.0	1.0
3.05	1.0
4.0	1.0
3.02222222222	4.0
5.0	4.5
4.0	9.0
4.25049544193	7.0
4.0	15.0
4.05810397554	5.25
2.87443946188	2.0
3.59720062208	8.0
1.0	0.0
5.0	9.0
3.7972972973	7.7
4.0	7.0
5.0	6.0
2.37662337662	3.5
4.0	11.0
4.0	8.0
4.79922779923	5.0
3.0	6.5
3.0	6.0
2.67328244275	9.5
3.71672354949	9.25
5.0	2.0
3.0	6.0
3.0	2.0
5.0	14.0
3.59109311741	5.14285714286
3.0	4.0
3.14814814815	5.0
2.68965517241	2.75
3.44628099174	2.83333333333
4.32901134522	7.83333333333
1.0	8.0
4.0	12.0
3.25357307515	5.62068965517
2.0	6.0
2.53107344633	1.25
4.0	13.0
1.72899728997	2.5
2.74193548387	6.25
1.75324675325	0.5
5.0	9.0
3.34787123572	5.0
2.79838709677	12.5
3.06319218241	10.0909090909
2.0	-3.0
4.0	3.0
4.0	3.0
3.17286084702	7.23076923077
4.45820895522	6.8
4.31803972049	4.85616438356
3.59420289855	6.63636363636
2.0	5.0
5.0	9.0
2.60638297872	9.0
4.66297117517	5.83333333333
4.0	2.0
5.0	3.0
3.76178297406	5.79411764706
3.0	5.0
3.32692307692	4.0
2.58490566038	2.66666666667
3.0	15.0
4.11090225564	8.66666666667
5.0	7.0
3.61832061069	2.0
3.30588235294	-0.5
2.74380165289	3.5
5.0	10.0
3.796875	2.0
2.0	-3.0
4.0	21.0
3.0	2.0
3.0	0.0
4.65598290598	6.4
5.0	0.0
4.02240896359	8.66666666667
4.76845637584	15.3333333333
3.95081967213	10.5
4.4175257732	5.0
2.29126213592	12.5
5.0	10.0
2.0	10.0
2.44573643411	1.5
3.34358974359	1.16666666667
1.0	-2.0
1.0	0.0
4.32894736842	7.5
5.0	16.0
2.5223880597	4.5
1.45045045045	3.5
5.0	10.0
4.0	0.0
5.0	3.0
4.0	-0.5
4.0	7.0
4.59595959596	10.3333333333
4.0	12.0
4.0	1.0
4.0	6.0
1.0	-7.0
1.9427480916	8.33333333333
5.0	0.0
3.05614035088	4.25
3.13993174061	7.5
1.0	5.0
4.0	6.5
1.0	5.0
3.3963963964	5.33333333333
5.0	11.0
5.0	27.0
5.0	3.0
3.97286821705	7.0
5.0	4.0
3.49397590361	4.5
5.0	9.0
1.30275229358	3.0
3.68767123288	8.0
4.28571428571	5.25
4.0	6.5
3.70802919708	4.33333333333
4.78490566038	4.71428571429
4.0	2.0
1.83916083916	8.5
5.0	4.0
4.0	8.0
5.0	6.0
2.80327868852	5.0
4.0	3.0
3.0	2.0
3.63291139241	1.0
3.08196721311	7.8
4.0	5.0
2.83009708738	1.75
4.0	13.0
4.0	0.0
5.0	4.0
2.0	5.0
3.69158878505	9.5
3.32903225806	7.14285714286
2.89405204461	9.75
5.0	4.0
5.0	1.0
4.0	2.0
3.0	5.0
3.59813084112	7.5
4.54924874791	8.5
4.0	15.0
5.0	-9.0
5.0	9.0
3.3537414966	4.8
3.0	15.0
4.55021834061	5.0
2.65454545455	11.5
5.0	-1.0
5.0	2.0
2.11202466598	5.1
2.63243243243	3.0
2.0	2.0
5.0	6.0
4.0	17.0
2.99807321773	4.25
3.18863261944	6.76470588235
1.83024691358	2.66666666667
3.57777777778	0.5
3.99017038008	3.83333333333
3.31778425656	7.66666666667
4.0	2.0
4.0	4.0
3.88981288981	10.2
4.0	11.0
5.0	1.0
3.06878306878	14.0
5.0	-2.0
5.0	6.0
3.92581602374	9.0
3.47536945813	8.0
4.2241813602	11.75
3.52835408022	5.22222222222
3.62120141343	7.5
5.0	8.5
5.0	3.0
3.0	8.5
3.20841889117	2.94117647059
3.0	3.0
4.19178082192	0.0
1.09442060086	5.5
4.0	7.0
4.16335350043	7.8
4.0	13.0
2.09836065574	4.0
3.98613861386	7.83333333333
5.0	4.0
4.43203883495	6.5
2.13267813268	6.6
5.0	2.5
4.63896103896	14.5
4.0	2.0
3.0	0.0
4.41535686679	3.85
4.24864864865	4.0
1.0	-1.5
3.45205479452	14.0
4.21310181531	7.53333333333
2.0	2.0
1.0	5.5
2.0	3.0
3.0	4.0
3.0	2.0
5.0	7.0
3.49828962372	6.6
1.0	0.0
4.00709219858	9.6
3.79874213836	9.75
2.97542043984	5.75
2.98165137615	1.0
4.0	1.0
4.0	6.0
3.0	3.0
3.59770114943	4.0
1.0	3.0
2.60852713178	2.61904761905
4.0	8.0
3.97647058824	6.0
3.0	7.0
1.0	0.0
5.0	3.0
5.0	9.0
3.055	5.5
1.0	13.0
1.51162790698	3.0
5.0	0.0
2.0	0.0
2.25798525799	-2.0
3.44325481799	5.0
5.0	24.0
4.81818181818	8.5
5.0	3.0
5.0	2.0
4.55704697987	9.0
1.0	-3.0
2.0	7.0
5.0	5.0
3.01625	5.28571428571
3.18421052632	4.5
5.0	1.0
1.0	5.0
5.0	16.0
2.0	8.0
5.0	3.0
3.55400696864	8.0
1.0	2.0
3.0	4.0
4.55172413793	2.5
4.0	9.0
4.0	2.0
2.07874015748	3.5
5.0	2.0
5.0	8.0
4.27272727273	7.6
4.6	6.5
5.0	15.0
4.0	11.0
2.80478087649	5.0
5.0	-4.0
5.0	10.0
4.71194762684	5.81818181818
4.0	0.0
3.76222222222	7.66666666667
3.0	9.0
2.0	5.0
5.0	-1.0
4.0	5.0
4.59440559441	6.25
5.0	14.0
3.17666666667	1.33333333333
3.17551020408	7.33333333333
5.0	4.0
1.0	5.0
1.98136645963	0.5
5.0	5.0
3.11594202899	5.0
3.92857142857	10.5
1.0	-8.0
4.39873417722	6.5
2.0	4.0
3.61543327008	4.5
1.74476987448	7.66666666667
2.93347193347	7.8
4.0	6.0
2.31994981179	4.53846153846
3.30555555556	0.0
1.56756756757	3.5
1.61386138614	1.0
5.0	14.0
5.0	4.5
2.64719101124	5.5
5.0	7.0
2.03015075377	-0.333333333333
4.09302325581	3.5
3.0	2.0
5.0	11.0
5.0	2.0
4.0	9.0
3.4843537415	6.7
1.0	5.0
3.65294117647	6.5
2.56492027335	2.4
2.3701399689	4.64285714286
2.90298507463	12.0
1.0	1.0
1.0	12.0
5.0	3.5
3.48717948718	1.0
1.0	-7.0
3.9014084507	7.0
3.48786264062	7.21428571429
5.0	11.0
3.0	5.0
4.0	7.0
4.05384615385	1.0
5.0	3.0
4.58441558442	11.2222222222
3.08928571429	11.5
3.55380577428	12.5
4.0	6.5
4.0	9.5
1.0	-1.0
3.71439451637	3.58823529412
4.0	7.0
2.5858778626	8.33333333333
3.81119011976	6.7962962963
5.0	7.0
1.0	2.0
3.67455621302	4.22222222222
4.49411764706	6.66666666667
5.0	4.0
1.0	-9.0
5.0	7.0
4.0	9.0
4.24242424242	6.0
5.0	0.0
3.0	10.0
4.72413793103	15.5
5.0	14.0
5.0	3.0
4.17299578059	2.75
4.24719101124	3.5
3.48153409091	5.6875
2.54899135447	12.8
1.0	-6.0
4.41342756184	6.33333333333
1.0	-2.0
3.25636363636	7.33333333333
1.0	-2.0
3.0	8.0
5.0	10.0
3.0	0.0
4.65529010239	11.5
2.0	-5.0
4.0	-3.0
3.0	0.0
5.0	10.0
4.29041916168	13.5
5.0	10.0
2.0	5.0
4.0	14.0
3.0	-1.0
3.0	5.0
4.0	6.0
2.82837837838	8.28571428571
2.75510204082	7.0
3.0	13.0
3.94392523364	3.8
3.20388349515	2.66666666667
4.37853107345	5.5
2.93957703927	4.8
4.05578011318	9.5
3.1301369863	1.5
4.0	5.0
5.0	6.0
2.70149253731	8.5
3.05916473318	7.75
3.0	8.0
4.04814814815	3.0
1.84615384615	7.0
4.0	5.0
3.0	2.0
5.0	2.0
4.5	10.5
5.0	15.0
4.0	5.0
4.11511299435	5.2
3.92447129909	7.0
5.0	11.0
1.0	0.0
4.0	0.0
3.5955967555	7.22222222222
5.0	12.0
3.18277680141	7.125
4.0	3.0
1.0	1.0
3.43181818182	5.375
1.0	1.0
3.76767676768	6.66666666667
4.0	7.0
3.80018501388	4.33333333333
2.0	-4.0
4.24504504505	8.4
4.18439716312	3.5
3.0	5.0
3.1928	5.07142857143
2.72146118721	11.0
1.0	-0.666666666667
5.0	21.0
2.0	7.0
3.75	4.8
5.0	11.0
1.77742946708	12.0
3.0	7.0
4.0	25.0
4.84693877551	4.66666666667
3.74094488189	9.7
5.0	15.0
3.15259259259	8.0
3.51293103448	6.33333333333
4.24544179523	8.0
3.51470588235	-0.5
3.80536912752	4.8
2.0	6.0
4.0	14.0
5.0	2.0
2.57746478873	1.5
3.0	18.0
2.48672566372	2.0
4.46112600536	11.25
1.90467937608	10.25
3.0	1.0
2.6013363029	11.5
3.18691588785	3.8
4.20567375887	6.69230769231
4.01582471089	3.72222222222
3.84210526316	3.33333333333
5.0	11.0
4.11516853933	4.0
5.0	1.0
1.0	1.0
3.0	3.0
5.0	5.0
4.51351351351	7.25
1.86666666667	-0.5
4.0	4.0
4.0	6.0
4.0	6.0
3.91814946619	5.7619047619
1.84090909091	2.5
5.0	5.0
5.0	6.0
5.0	5.5
4.25775656325	7.0
5.0	14.0
4.95882352941	11.5
3.0	0.0
4.0	2.0
5.0	9.0
3.72428694901	5.92307692308
3.0	3.0
3.0	0.0
3.0	5.0
2.0	10.0
5.0	2.0
3.0	5.0
1.42748091603	-1.5
5.0	3.0
3.16034985423	6.33333333333
2.39280958722	14.0
3.0	12.0
2.94612068966	12.1666666667
1.8125	1.33333333333
4.0	11.0
5.0	4.0
2.76524390244	6.8
2.22613531047	2.1875
4.0	8.5
4.0	3.0
3.0	8.0
1.0	1.0
4.0	1.0
2.83841463415	9.0
4.17286914766	6.11111111111
1.0	2.5
4.57181571816	6.8
1.0	-9.0
4.10256410256	3.57142857143
2.0	8.0
4.0	11.0
4.03703703704	3.71428571429
5.0	31.0
4.18731988473	7.0
3.67966573816	5.0
3.59060402685	9.0
2.82964487905	9.3125
5.0	13.0
4.0	6.0
2.33398058252	9.0
1.0	2.0
5.0	1.0
3.0	4.0
3.82464454976	1.5
4.0	2.0
4.41213389121	7.14285714286
3.02162162162	0.5
4.83333333333	9.0
5.0	6.5
4.0	4.0
1.0	3.0
1.80733944954	-4.5
4.33548387097	10.5
3.95550351288	16.5
3.0	8.0
3.79679144385	6.66666666667
2.55585831063	6.5
3.49056603774	1.5
4.0	6.0
4.67586206897	10.0
3.38361266294	5.75
5.0	10.0
3.86283524904	7.08333333333
4.5522875817	8.0
3.20996441281	7.33333333333
2.50497866287	7.33333333333
2.44871794872	5.33333333333
1.0	6.0
4.0	1.0
1.0	-4.0
4.34131736527	-0.5
3.59	8.5
5.0	2.0
3.30303030303	4.0
5.0	7.0
4.62209302326	10.5
3.0	10.0
2.8097826087	2.33333333333
1.0	-3.0
4.0	2.0
3.0	2.0
4.0	4.0
4.0	9.0
5.0	3.0
4.54424778761	12.0
5.0	7.0
5.0	2.0
3.0	2.0
5.0	7.0
3.03376623377	4.83333333333
3.77196885428	7.875
1.33333333333	3.5
5.0	2.0
4.0	6.0
3.0	4.0
5.0	20.0
4.03225806452	4.25
4.61616161616	2.5
2.0	1.0
3.26239316239	9.875
4.07184145334	8.38461538462
2.65	4.0
4.5256916996	12.0
3.64811783961	7.41666666667
4.13102119461	15.0
1.0	0.0
3.46728971963	3.0
3.16203208556	5.72727272727
5.0	2.0
5.0	-1.0
5.0	0.0
4.0	0.0
3.70673076923	8.14285714286
4.0	10.0
3.0	3.0
4.0	9.0
3.0	-5.0
4.7306122449	15.0
4.0	8.0
4.0	4.0
2.25729442971	2.83333333333
2.76404494382	17.0
3.0	7.0
2.37217391304	-0.125
2.56813417191	4.6
3.0	5.0
5.0	8.5
2.0	7.0
3.0	7.25
1.47787610619	6.0
4.0	9.0
4.20858895706	6.0
4.0	7.33333333333
1.74418604651	5.33333333333
1.0	-3.0
4.47928994083	10.6666666667
4.0	1.0
3.56935014549	8.125
2.26817447496	3.83333333333
2.0	3.66666666667
3.6393442623	19.0
1.0	-24.0
5.0	6.0
2.0	2.0
1.0	-9.0
2.83538083538	3.6
2.22658610272	1.33333333333
5.0	7.0
5.0	8.0
3.0	8.0
3.29281767956	6.5
2.43743743744	2.92857142857
2.76103500761	4.0
3.09036144578	5.2
4.73255813953	18.0
3.6867816092	6.25
3.09920075223	8.54545454545
2.80952380952	4.66666666667
4.0	1.0
3.40243902439	7.0
3.58839050132	4.8
4.64646464646	1.33333333333
3.0	3.0
4.0	17.0
4.44283646889	7.0
5.0	17.5
2.40092165899	1.0
5.0	4.0
3.0	0.5
5.0	4.0
5.0	19.0
5.0	9.0
4.60701754386	8.25
5.0	1.0
3.0	7.0
1.0	-9.0
5.0	4.0
3.94972067039	6.57142857143
5.0	13.0
3.0	0.0
4.0	6.0
2.4380952381	-1.5
4.83333333333	9.0
1.0	2.0
4.68539325843	7.0
1.0	16.0
5.0	-1.0
4.0	9.0
2.0	7.0
3.18067226891	4.57142857143
4.09225512528	5.30769230769
4.0	8.0
3.70555555556	5.14285714286
4.0	10.0
3.47962382445	11.0
1.0	5.0
4.0	12.0
4.30330882353	10.0
5.0	17.0
5.0	1.0
1.8380952381	-0.5
3.0	5.0
3.0	1.0
5.0	0.0
3.51154529307	10.6
2.98684210526	9.0
3.88358208955	6.375
4.0	4.25
3.0	4.0
4.10887573964	4.84615384615
3.19988412514	6.89473684211
3.0	2.0
2.0	6.0
4.0	13.0
4.60869565217	0.0
1.0	3.0
1.0	-6.0
5.0	2.0
3.47916666667	3.0
4.88443935927	4.27272727273
4.0	9.0
4.36868686869	7.0
4.0	-3.0
2.0	0.0
3.0	-1.0
4.0	17.5
5.0	7.0
3.00925925926	8.5
2.27528089888	5.0
4.61538461538	5.0
2.24372759857	6.5
3.79104477612	4.0
4.0	5.0
1.7619047619	-1.5
3.45833333333	5.33333333333
4.41463414634	-1.0
5.0	13.0
2.75380359613	6.22222222222
2.0	-1.0
3.76033057851	4.5
3.88217122683	4.85294117647
4.5202020202	13.0
1.0	3.0
4.2884097035	9.5
4.21662763466	4.35714285714
2.29759704251	6.8
3.4269005848	17.0
5.0	7.5
3.0	5.0
2.15384615385	2.66666666667
5.0	4.33333333333
5.0	6.5
1.0	6.0
4.0	8.0
4.0	1.0
3.74822064057	5.625
3.19047619048	11.6
3.30327868852	-5.5
5.0	5.0
3.4354005168	6.88888888889
1.0	1.0
1.0	-12.0
4.0	3.0
4.0	17.0
5.0	2.0
5.0	4.0
3.25165562914	4.33333333333
4.0	15.0
4.58095238095	5.0
3.6003236246	6.78571428571
5.0	12.3333333333
4.67721518987	7.0
4.63773584906	5.16666666667
4.08695652174	0.5
5.0	7.0
4.69156626506	11.25
4.86326530612	10.5
4.0	5.5
5.0	7.0
4.0	5.0
2.74015748031	6.5
1.23684210526	1.5
1.59143968872	8.0
3.90657439446	7.0
1.0	3.0
3.9501039501	1.8
2.84139784946	8.0
3.0	3.0
4.0	3.0
1.98850574713	2.5
1.0	0.0
4.19238900634	4.85714285714
5.0	-4.0
3.0	2.0
4.0	5.5
4.78705636743	8.0
3.0	0.5
3.0	3.5
2.55006501951	4.0
3.41004497751	6.64705882353
3.0	-2.0
4.1641025641	4.4
3.51315789474	1.0
3.84558823529	4.0
1.0	-1.0
3.09454545455	5.8
3.34536082474	3.0
5.0	3.0
5.0	3.0
3.47602739726	5.0
3.11159737418	11.0
4.0	2.0
2.0	12.0
3.85161290323	3.71428571429
2.89130434783	5.0
4.17366136035	10.3529411765
1.0	6.5
4.64851485149	10.5
3.0	3.0
4.03571428571	5.0
1.0	10.0
2.0	-5.0
3.76323987539	5.83333333333
3.6	5.5
1.58604651163	2.5
4.0	0.0
2.0	13.0
3.0	3.0
4.0	1.0
4.0	18.5
4.77077363897	8.0
2.0	-2.0
2.0	2.0
2.622	8.4
5.0	11.0
5.0	3.0
3.46258503401	8.5
4.0	8.0
4.0	5.0
2.99868073879	7.48484848485
4.0	7.0
3.0	11.0
2.28796844181	10.5
3.66559139785	6.8
4.0	13.0
4.0	13.0
3.3481595092	12.0
3.0	11.0
3.49444444444	3.5
1.0	-1.0
4.33657351154	5.76
4.67320261438	5.0
5.0	4.0
3.0	6.0
3.17829457364	6.66666666667
3.0	9.0
5.0	4.5
3.07769784173	7.9
5.0	10.0
2.09318996416	8.0
2.0	0.0
4.02173913043	2.33333333333
3.35698924731	9.6
5.0	6.0
2.99632352941	7.83333333333
4.0	3.0
3.56128293242	5.25
4.21585903084	9.75
4.8021978022	3.0
3.0	0.0
5.0	1.0
4.04444444444	3.8
3.06930693069	0.0
3.72784810127	3.0
3.984	2.33333333333
5.0	7.0
3.65633475397	6.63636363636
1.61971830986	1.0
1.0	0.0
5.0	7.0
1.0	2.0
4.0	1.0
4.0	27.0
2.31102362205	5.5
3.83238095238	6.84615384615
4.73988439306	3.66666666667
5.0	3.0
4.43165467626	5.0
2.0	2.0
4.0	9.0
5.0	8.0
4.0	7.0
3.90243902439	3.33333333333
5.0	14.0
5.0	7.0
3.0	1.0
2.12	2.0
3.47603485839	9.75
4.0	2.0
5.0	3.0
4.65607476636	7.0
4.0	10.0
5.0	2.5
4.19666048237	4.75
3.0	3.0
4.50922509225	1.66666666667
3.40852130326	4.75
5.0	9.0
2.54832713755	11.25
3.06741573034	3.0
5.0	2.0
1.0	0.0
3.92806324111	11.5454545455
3.60776088096	8.0
3.34375	-1.0
4.0	6.0
2.0	5.0
3.2358490566	3.61538461538
3.43816254417	6.44
4.0	4.0
3.48571428571	8.0
3.26724137931	7.0
4.0	23.0
5.0	19.0
1.0	1.33333333333
4.54460269865	8.32258064516
1.0	3.0
2.39841089671	9.14285714286
5.0	16.0
5.0	24.0
1.0	3.0
2.92075218267	8.23076923077
5.0	11.5
5.0	2.0
5.0	3.0
4.0	-4.0
3.18248175182	8.5
3.47945205479	13.5
3.0	9.0
3.84400656814	7.0
4.0	16.0
3.48507462687	10.0
2.0	3.0
4.62946428571	9.0
3.68275862069	16.0
4.0	19.0
2.0	3.0
4.0	8.0
4.8234741784	3.76923076923
3.65979381443	2.33333333333
4.68115942029	0.0
5.0	5.0
2.58540372671	11.6
3.94265354598	5.11764705882
3.0	3.0
1.0	-2.0
3.4135021097	10.0
5.0	7.0
2.28155339806	3.5
3.55092592593	2.0
5.0	1.0
4.79385964912	10.0
3.90625	2.5
3.0	2.0
4.0	8.0
4.2398989899	13.75
4.84482758621	3.0
4.08938547486	2.5
4.36244131455	4.0
2.49344978166	4.0
4.0	3.0
4.3786407767	3.33333333333
5.0	4.0
4.62204724409	5.0
1.43859649123	4.5
2.98523206751	2.83333333333
3.83602484472	6.2
5.0	9.0
3.46545454545	3.33333333333
5.0	0.0
3.23076923077	6.27777777778
4.47452229299	6.2
5.0	2.0
4.0	0.0
2.7868852459	5.5
2.34925373134	3.0
3.66955684008	6.1875
5.0	12.0
5.0	3.5
3.0	15.0
3.46817691478	11.625
4.303514377	11.5
3.0	8.0
3.48780487805	0.5
4.0	10.0
4.0	26.0
2.0	-2.0
4.75462962963	8.0
5.0	5.0
5.0	5.0
5.0	3.0
1.0	-4.0
4.42342342342	6.0
2.95348837209	10.5
5.0	2.5
5.0	3.0
3.04519774011	3.6
4.0	3.0
5.0	2.0
4.0	4.0
1.96506550218	6.5
4.0	7.0
5.0	2.0
3.12554112554	10.0
3.0	0.0
3.0	3.0
3.18282548476	4.71428571429
5.0	9.0
3.24605678233	4.8
2.51938895417	4.42857142857
4.0	4.0
3.74011299435	10.5
5.0	18.0
4.0	0.0
5.0	6.0
5.0	0.0
3.52477936185	3.4
3.78537634409	7.36
2.67326732673	5.0
2.0	16.0
2.0	2.0
2.0	2.0
4.69583333333	7.66666666667
5.0	0.0
5.0	11.0
4.67484662577	5.0
2.0	0.0
4.0	0.0
1.0	4.0
4.84962406015	1.83333333333
2.87740384615	0.833333333333
4.0	9.0
2.0	10.0
4.05095541401	8.0
3.64615384615	3.0
5.0	7.0
5.0	1.5
3.53424657534	7.0
3.0	13.0
4.0	0.0
1.8524173028	2.4
3.0	13.0
4.0	8.0
5.0	10.0
3.47422680412	4.5
3.56880733945	8.5
1.0	2.0
5.0	7.0
4.0	17.0
3.84478021978	6.33333333333
4.56666666667	6.66666666667
4.51685393258	2.0
5.0	5.0
4.0	0.0
5.0	16.0
5.0	11.0
5.0	3.0
2.52631578947	3.0
4.58445945946	7.0
4.44715447154	10.75
3.47058823529	8.0
5.0	2.0
4.0	0.0
4.0	6.0
4.0	11.0
1.6714801444	4.5
4.0501618123	5.88888888889
3.00076161462	8.63636363636
2.78604651163	6.0
5.0	8.0
2.16582914573	5.5
5.0	16.0
3.86951501155	6.0
4.1095890411	3.0
3.0	1.0
1.0	1.0
2.81617647059	6.66666666667
5.0	3.0
5.0	7.0
4.0	35.0
3.0	1.0
3.0	6.0
2.0	1.0
2.72258064516	7.66666666667
4.4512195122	3.0
4.27528089888	4.5
4.0	5.0
2.14558472554	1.5
5.0	8.0
4.0	5.0
2.0	3.0
5.0	3.0
4.38336713996	6.33333333333
4.0	6.0
4.0	13.0
4.0	5.0
3.22388059701	1.28571428571
4.0	14.0
4.0	4.0
2.67032967033	-4.5
1.0	-3.0
3.37716262976	0.666666666667
2.3984962406	4.71428571429
4.34444444444	8.33333333333
5.0	-4.0
4.0	17.0
5.0	25.0
4.0	10.0
1.0	0.0
4.0	8.0
2.47022160665	5.53846153846
5.0	5.0
3.75161290323	10.6666666667
3.0	2.0
3.0	2.0
5.0	8.0
5.0	9.0
5.0	6.0
3.62717770035	4.25
5.0	9.0
4.0	11.0
2.0	1.0
2.0	4.0
3.375	4.4
3.703125	3.75
4.0	8.0
5.0	26.0
1.0	3.0
2.54	6.33333333333
2.09433962264	4.0
2.62874251497	3.0
5.0	4.0
4.0	4.0
5.0	11.0
5.0	0.0
3.79090909091	4.33333333333
2.0	1.0
5.0	11.0
3.0	11.0
3.37593984962	11.0
3.31517509728	2.5
3.90977443609	10.2
4.65581395349	8.5
4.56574307305	7.21428571429
3.0	4.5
4.0	7.0
5.0	9.0
4.0	8.0
1.0	0.0
3.0	6.5
4.0	8.0
1.76995305164	2.25
4.15229885057	9.25
5.0	10.0
5.0	8.0
3.60317460317	5.0
2.0	3.0
5.0	17.0
2.0	9.0
3.17073170732	5.5
4.0	22.0
4.5393258427	4.33333333333
3.85106382979	3.5
4.37078651685	4.66666666667
4.05190839695	8.5
4.55319148936	2.0
5.0	5.0
3.0	7.0
2.64966740576	8.66666666667
1.0	-2.0
4.0	8.0
2.6397515528	3.0
4.0	0.0
2.0	1.0
4.42168674699	3.5
4.0	-5.0
4.0	3.0
4.0	8.0
2.96022727273	4.0
3.54187192118	4.5
3.48918469218	6.44444444444
2.0	5.0
5.0	1.0
1.71028037383	5.5
4.0	19.0
4.04792746114	8.0
1.0	-11.0
1.0	9.0
3.53563714903	5.66666666667
3.0	2.0
3.0	2.0
4.0	10.0
3.96785109983	6.61111111111
3.0	5.0
4.0	7.0
3.69565217391	2.0
1.0	-2.0
4.0	9.0
2.67231638418	1.0
4.44705882353	3.0
4.0	12.0
4.0	4.0
5.0	1.0
4.0	6.0
2.65	0.0
5.0	2.0
4.0	8.0
5.0	23.0
3.0	6.0
4.4064665127	8.0
2.0	7.0
4.0	1.0
5.0	11.0
2.47368421053	3.0
3.45588235294	9.0
3.0	3.0
3.66808510638	3.33333333333
3.7696170747	7.20833333333
4.0	7.0
5.0	5.0
4.0	0.0
2.0	1.0
3.47442084942	6.53571428571
4.0	9.0
3.69688385269	8.33333333333
4.0	5.0
4.0	0.0
4.0	14.0
2.27731092437	-0.333333333333
3.0	5.0
4.0	2.0
4.0	5.0
3.40298507463	0.5
5.0	16.5
2.41363636364	6.33333333333
4.0	10.0
3.22336328626	4.53846153846
5.0	5.0
3.64324324324	4.66666666667
4.66423357664	6.0
3.44665012407	7.75
4.31683168317	3.5
1.0	0.0
2.68979011028	4.71428571429
3.38418079096	1.75
4.0	11.0
5.0	6.0
5.0	4.0
5.0	11.0
4.15384615385	5.5
5.0	-2.0
5.0	8.0
2.05982905983	2.66666666667
1.0	2.0
5.0	5.0
4.1	7.0
1.0	1.0
4.18584070796	9.5
5.0	3.0
2.32786885246	10.0
1.0	5.0
4.31365313653	14.0
4.0	0.0
2.83673469388	6.0
2.0	3.0
1.0	-5.0
4.67532467532	6.0
3.0	1.0
5.0	5.5
5.0	2.0
2.38864628821	-2.33333333333
4.0	5.0
4.38778409091	8.33333333333
4.55194805195	5.33333333333
5.0	14.0
3.66153846154	12.5
3.50410958904	7.66666666667
4.47407407407	5.5
3.18055555556	5.33333333333
4.00322580645	6.33333333333
1.0	3.0
4.88497217069	5.83333333333
4.0	10.0
4.28934010152	10.6666666667
3.95348837209	5.25
4.0	2.5
5.0	3.0
4.0	7.0
3.0	1.0
4.0	4.0
3.79	6.75
4.3835125448	15.0
4.0	18.0
4.64897959184	9.5
5.0	11.0
3.87567084079	4.07142857143
5.0	3.0
3.69128919861	5.13636363636
3.27138643068	5.0
1.0	-4.0
5.0	1.0
4.31566820276	6.33333333333
3.04433497537	9.0
3.0	11.0
5.0	9.0
4.0	8.0
3.69633507853	9.28571428571
3.0	0.0
1.0	-2.0
1.865625	3.66666666667
4.15772462831	9.4375
5.0	8.0
3.53350189633	9.875
2.4	2.5
4.0	0.0
3.0	3.0
5.0	8.0
3.0	11.0
3.72084130019	7.66666666667
4.74117647059	5.16666666667
5.0	6.5
4.0	5.0
4.08695652174	1.66666666667
4.66451612903	6.0
2.37603305785	4.75
3.0	9.0
4.0	3.0
2.05128205128	7.33333333333
3.28155339806	5.0
3.53157262905	7.73684210526
2.09392265193	6.5
4.05279503106	4.55555555556
3.33898305085	3.25
3.96892655367	7.33333333333
3.17407407407	1.75
4.26020408163	5.25
5.0	7.0
4.0	11.0
3.0	4.0
2.51851851852	5.0
4.0	18.0
2.0	1.0
4.10256410256	5.0
3.8762541806	2.66666666667
3.10447761194	0.666666666667
2.66666666667	12.5
5.0	-8.0
4.16910569106	6.33333333333
4.0	5.0
2.0	5.0
3.94166138237	6.9
4.0	8.0
3.77034120735	5.77777777778
3.71549295775	4.33333333333
1.0	9.0
4.0	3.5
3.14213483146	6.26315789474
5.0	12.0
3.2471042471	10.0
5.0	4.0
3.0	9.0
4.19512195122	6.0
3.89947089947	6.33333333333
4.0	7.0
3.0	4.0
2.26506024096	2.0
5.0	5.0
4.0	12.0
4.0	8.0
2.0	-4.0
4.0	12.0
2.57746478873	4.0
3.0	5.0
3.72142857143	8.0
4.17166392092	9.03846153846
2.05418719212	4.66666666667
4.43576826196	9.0
3.0	0.0
4.0	8.0
4.1684981685	3.6
2.0	-2.0
3.88986354776	5.26666666667
1.0	-3.0
3.84194528875	3.8
4.0	0.0
4.0	9.0
2.24193548387	8.25
4.0	2.5
5.0	6.0
4.0	13.3333333333
3.06557377049	2.33333333333
3.0	2.5
5.0	10.0
5.0	0.0
5.0	4.0
4.55607476636	11.3333333333
5.0	9.0
4.0	2.0
4.39933993399	4.2
3.0	6.0
5.0	3.0
3.0	2.0
5.0	6.0
2.71681415929	10.5
4.91969407266	10.5
2.60483870968	5.46153846154
3.0	0.0
5.0	-2.0
4.0	9.0
3.0	0.0
2.19310344828	7.5
3.41482649842	8.16666666667
5.0	6.5
3.5585106383	3.5
2.51211453744	4.15
3.60416666667	7.5
4.49044585987	10.6666666667
3.0	0.0
3.89743589744	4.5
4.0	4.0
3.08133971292	3.75
4.7183908046	7.0
5.0	10.0
4.75757575758	7.0
3.0	4.33333333333
4.28571428571	1.0
2.18260869565	1.5
3.33994334278	6.0
3.22764227642	4.33333333333
4.16912850812	7.1875
3.17990654206	5.66666666667
3.57462686567	8.0
2.49168053245	8.0
5.0	0.0
4.02360876897	6.0
5.0	7.0
3.59066084107	8.13333333333
1.53921568627	4.0
5.0	3.0
5.0	12.0
2.0	4.0
4.0	13.0
4.0	5.5
2.0	-12.0
5.0	2.0
3.50549450549	11.5
3.61428571429	8.0
1.45671641791	5.5
4.12415654521	5.66666666667
5.0	5.0
5.0	2.0
5.0	-2.0
1.80193236715	-0.333333333333
1.0	-4.0
5.0	8.0
3.67372881356	0.5
1.0	-6.0
4.0	7.0
3.66318537859	5.16666666667
3.7816091954	8.16666666667
4.0	15.0
4.0	6.5
1.26909090909	-2.5
2.18864774624	5.14285714286
5.0	0.0
3.61467889908	3.0
3.4	0.5
1.0	3.0
1.73563218391	6.0
5.0	4.0
5.0	6.0
4.02655889145	5.18518518519
5.0	8.0
2.94992175274	15.75
3.46468401487	3.33333333333
1.0	0.0
4.0	12.0
1.0	1.0
2.15916955017	8.5
4.73333333333	9.75
3.18493150685	5.5
4.47679324895	6.66666666667
2.97553956835	1.3
2.0	5.0
1.0	-2.0
4.45968489342	7.91666666667
4.0	0.0
3.0	10.0
2.0	6.0
4.0	4.0
3.30294117647	9.25
4.0	0.0
4.06129032258	5.75
3.45945945946	10.0
3.38853503185	2.5
2.69894099849	4.375
1.0	-3.0
2.0	6.0
3.74295190713	6.5
1.0	-6.0
5.0	8.0
3.08370044053	8.5
2.0	0.0
2.36809815951	1.33333333333
3.06034482759	9.0
3.0	2.0
3.0	15.0
1.84269662921	1.0
3.41309090909	6.10526315789
1.0	-3.0
4.0	2.0
1.0	7.0
3.16565349544	7.83333333333
5.0	7.0
4.0	7.0
5.0	2.0
3.02766135792	9.83333333333
2.87155963303	3.28571428571
4.0	0.0
4.56475170399	5.125
2.0	18.0
3.0	0.0
4.45412844037	3.0
5.0	5.0
3.0	12.0
3.0	6.0
3.0	2.0
3.50587172538	8.88888888889
5.0	0.0
4.45161290323	7.33333333333
2.05649717514	0.5
5.0	6.0
5.0	12.5
2.97879858657	5.33333333333
1.0	-6.0
4.0	1.0
3.14754098361	3.5
5.0	11.0
1.0	3.0
5.0	13.0
3.0	-6.0
2.71638655462	5.0
3.7037037037	3.0
5.0	7.0
5.0	14.0
3.58291457286	10.0
4.0	8.0
2.2238267148	5.875
4.0	5.0
5.0	12.0
2.08235294118	1.0
1.0	2.0
1.0	-1.0
5.0	4.0
3.26984126984	4.69230769231
2.9481865285	3.5
5.0	9.0
2.0	3.0
3.38127090301	4.85714285714
4.0	1.0
3.0	0.0
5.0	6.0
3.0	4.0
3.18722139673	5.0
3.12333333333	4.0
2.0	11.0
4.02257336343	5.58333333333
4.78246620238	11.6842105263
3.36875	12.6666666667
4.44705882353	7.0
5.0	-2.0
4.0	0.0
3.0	1.0
5.0	0.0
5.0	0.0
5.0	5.0
1.0	7.0
4.96296296296	4.42857142857
4.0	8.0
3.60952380952	5.6
2.78544061303	5.22222222222
4.17338709677	9.33333333333
4.95297029703	7.2
5.0	9.0
4.0	1.5
5.0	11.5
2.69678407351	4.625
3.31578947368	7.0
4.63106796117	5.0
1.0	-1.0
1.0	3.0
4.0	11.0
5.0	1.5
2.50549450549	3.0
3.7738317757	5.7
4.0	12.0
3.63475177305	9.33333333333
4.0	5.0
4.25832376579	10.5714285714
4.18072289157	8.0
3.92086330935	3.0
1.0	-5.0
3.609375	5.0
2.15950920245	0.5
4.0	3.0
5.0	6.0
4.0	0.0
3.53020134228	7.25
3.0	8.0
4.0	2.0
2.0	-3.0
4.0	0.0
5.0	3.0
4.59574468085	6.5
2.0	0.0
5.0	8.0
5.0	16.0
5.0	3.0
4.0	8.0
2.0	3.0
2.96881091618	6.6
4.38241639698	6.63157894737
1.0	2.0
5.0	6.5
1.0	0.0
1.0	-3.0
4.0	5.0
1.0	2.0
5.0	5.0
2.48447204969	4.66666666667
4.13648293963	7.57142857143
1.0	-1.0
2.0	-9.0
2.35567010309	5.75
4.0	5.0
4.0	6.0
5.0	1.0
1.07692307692	4.33333333333
3.21158129176	5.16666666667
5.0	24.0
3.82094594595	9.33333333333
5.0	1.0
1.0	-2.0
3.0	11.0
3.21167883212	4.0
4.0	2.0
2.99470899471	8.66666666667
3.50602409639	6.25
3.75	2.5
5.0	15.0
5.0	11.0
5.0	4.0
4.0	8.0
4.0	-3.0
2.0	8.5
4.43	1.0
5.0	8.0
3.23549488055	7.21052631579
4.0	1.0
1.0	5.0
4.0	8.0
3.0	1.0
5.0	4.625
3.39617486339	0.6
3.55704697987	2.0
5.0	9.0
3.72597864769	4.625
3.19263456091	3.75
3.88532110092	2.33333333333
3.0	4.0
4.29365079365	3.5
2.44334975369	4.5
4.030651341	7.8
3.10375494071	7.11111111111
4.0	-1.0
4.0	6.0
4.77298850575	15.6666666667
2.0	0.0
3.40287769784	6.0
4.0	7.0
4.53068592058	13.5
5.0	11.0
5.0	0.0
2.0	6.0
5.0	4.0
3.33507853403	2.0
3.81468531469	3.4
4.0	4.0
4.3687150838	4.33333333333
4.0	3.33333333333
1.0	0.0
3.0	-4.0
4.47440273038	6.2
2.41450777202	12.5
5.0	14.0
1.60122699387	-1.0
3.46389496718	6.38461538462
4.65068493151	2.66666666667
5.0	5.0
4.27176015474	6.73333333333
5.0	2.0
4.37160751566	4.8
5.0	20.0
1.0	6.0
3.171875	2.42857142857
4.35164835165	6.33333333333
1.0	3.0
3.57916666667	7.0
5.0	10.0
4.35018050542	6.5
5.0	15.0
2.86419753086	17.0
4.0	3.0
3.02721088435	3.2
4.0	11.0
1.0	0.0
4.43269230769	8.6
4.38321167883	10.6666666667
5.0	8.0
5.0	7.0
4.39795918367	6.66666666667
4.06288209607	6.15384615385
5.0	9.0
4.43961352657	5.5
5.0	15.0
2.33229813665	1.5
1.61992619926	1.0
3.776	8.33333333333
4.0	1.0
5.0	2.0
4.0	7.5
5.0	7.0
5.0	18.0
3.0	1.0
5.0	2.5
2.96449704142	4.0
4.41860465116	6.11764705882
2.33990795529	4.90909090909
4.45454545455	6.5
5.0	11.0
1.0	-14.0
4.18711656442	5.75
5.0	13.0
3.0	5.0
4.0	8.0
2.0	5.0
3.57118055556	4.57142857143
5.0	-2.0
4.0	2.0
5.0	7.0
2.98181818182	11.5
1.52857142857	4.0
4.94520547945	3.66666666667
3.0	1.0
5.0	0.0
2.0	0.0
4.0	13.0
5.0	10.0
1.0	7.0
4.0	5.0
4.08510638298	3.0
3.71397616468	4.5
4.0	7.0
4.0	10.0
4.0	10.0
1.0	3.0
4.17586206897	7.2
4.0	1.0
1.0	2.0
1.0	1.0
2.15800865801	3.0
2.57446808511	1.5
3.83908045977	2.33333333333
4.3294892916	9.57142857143
2.0	7.0
5.0	10.5
4.36470588235	0.5
5.0	9.0
3.0	2.0
3.84502262443	4.66666666667
3.0	-1.0
3.11475409836	7.85714285714
3.0	6.0
2.91013384321	12.6666666667
4.0	6.0
3.0	4.0
3.43181818182	3.5
1.0	4.0
4.30344827586	8.0
2.48214285714	1.5
2.13815789474	4.0
3.54596622889	5.83333333333
3.14824797844	5.0
3.46357615894	3.57142857143
4.01923076923	6.0
2.76344086022	1.5
3.31197771588	1.0
2.0	15.0
3.0	6.0
2.0	8.0
3.0	4.0
5.0	8.0
5.0	3.0
4.43243243243	7.0
3.0	4.66666666667
4.47709497207	5.72222222222
5.0	3.66666666667
5.0	6.0
3.54768392371	12.6666666667
3.2962962963	9.0
5.0	-5.5
3.0	8.0
4.0	31.0
3.0	4.5
3.0	5.0
1.0	2.0
3.05753424658	6.83333333333
2.57289527721	7.0
3.21978021978	10.25
3.86610878661	1.25
2.54502369668	-1.0
1.0	2.0
5.0	5.66666666667
4.0	7.0
3.62719298246	4.0
5.0	-0.5
3.0	3.0
2.51196172249	6.33333333333
2.876	7.0
2.94577553594	4.5
5.0	3.5
5.0	3.0
5.0	5.0
4.92342342342	13.3333333333
3.36477987421	5.66666666667
3.0	4.0
3.0	-2.0
2.3306836248	9.0
3.93982362096	9.375
4.0	22.0
4.60903426791	6.77777777778
4.0	19.0
4.0	10.0
5.0	2.0
2.44444444444	4.0
5.0	2.0
5.0	0.333333333333
5.0	21.5
5.0	8.0
5.0	3.66666666667
4.35051546392	2.5
1.0	4.0
4.0	8.0
5.0	2.0
5.0	11.0
4.0	4.0
3.0	9.0
2.9641025641	4.90909090909
2.56282722513	-0.333333333333
4.0	1.0
5.0	10.0
3.78632478632	7.75
3.16808149406	2.0
3.75724637681	6.38461538462
3.0	31.0
5.0	2.5
4.61142857143	5.4
4.0	10.5
3.90453460621	12.8
3.90277777778	7.8
3.15629984051	11.0
3.55218855219	4.0
3.58666666667	0.333333333333
2.6524822695	7.0
2.0	1.0
4.0	1.0
5.0	2.66666666667
5.0	0.0
2.28	1.0
3.21725239617	4.83333333333
5.0	0.0
3.0	6.0
5.0	1.0
4.0	4.0
3.0	5.0
4.49842767296	9.125
5.0	5.0
2.47	3.5
4.25	1.0
3.64646464646	6.75
4.0	5.0
1.0	5.0
4.69574036511	4.0
3.47544642857	9.16666666667
5.0	3.0
5.0	0.0
3.0	15.0
1.0	4.0
4.21917808219	-0.5
4.0	4.0
5.0	13.0
5.0	14.0
4.29411764706	3.0
4.0	1.0
4.0	6.0
3.27245053272	5.22222222222
5.0	20.0
5.0	5.0
2.0	4.0
4.0	10.0
4.0	7.0
1.0	3.0
3.69811320755	7.5625
2.0	6.0
3.44	4.0
3.28318584071	5.66666666667
4.0	7.0
2.0	9.0
3.40035746202	8.92307692308
4.0	15.0
3.83653846154	7.25
2.99889988999	6.9
4.0	0.0
3.29147982063	9.0
3.69475655431	5.8
5.0	10.0
5.0	6.0
1.34146341463	1.5
1.44444444444	0.333333333333
3.02048192771	3.0
4.44186046512	12.0
3.0	6.0
1.0	3.0
5.0	5.0
3.0	8.0
3.0	7.0
1.48728813559	3.0
5.0	4.5
2.0	-3.0
1.22580645161	2.0
4.0	9.0
5.0	4.0
4.0	22.0
5.0	19.0
1.0	2.0
4.46666666667	7.66666666667
3.07619047619	6.14285714286
3.44542253521	12.1666666667
3.70892018779	8.0
5.0	-1.0
1.0	2.0
2.47899159664	3.5
2.5625	5.66666666667
3.0	3.0
5.0	6.0
4.0	2.0
5.0	4.5
2.71243523316	6.64705882353
4.0	0.0
3.0	8.0
4.0	4.0
3.73195876289	6.26666666667
3.43806574559	6.39583333333
5.0	7.0
4.0	2.0
4.18644067797	4.25
3.80542986425	2.5
4.0	9.0
5.0	14.0
2.26595744681	3.0
3.80135440181	3.6
3.0	-3.0
5.0	4.0
3.25106382979	9.33333333333
1.0	-1.0
2.88501026694	4.25
1.0	-4.0
3.26845637584	7.5
5.0	3.0
3.0	8.0
5.0	0.0
3.5347985348	10.75
4.0	2.0
3.68261787474	6.66666666667
1.75852272727	3.33333333333
5.0	3.0
3.11594202899	9.0
1.65090909091	2.0
4.0	6.0
3.77761836442	6.0
5.0	22.0
4.0	24.0
4.0	13.0
3.0	8.0
3.81379310345	6.25
3.77281553398	6.53846153846
4.0	3.0
2.0	9.0
4.44408602151	5.39285714286
3.0	5.0
2.0	3.5
3.0	2.0
3.65721331689	7.28571428571
5.0	-1.0
3.42541436464	5.0
5.0	14.0
4.0	0.0
4.39438943894	5.57142857143
4.0	5.0
1.36538461538	0.75
4.2264957265	11.4
3.50568181818	3.33333333333
2.61305841924	5.625
3.0	7.0
3.35574229692	3.75
2.3738317757	5.5
2.0	2.0
5.0	5.66666666667
4.31640625	2.77777777778
4.25490196078	12.0
3.44632768362	11.5
4.0	7.0
3.76208530806	10.3
2.0	0.0
3.0	2.0
2.8976744186	2.0
5.0	2.0
2.46223021583	3.42857142857
5.0	6.0
4.0	2.0
3.0	9.0
5.0	3.0
3.24137931034	6.16666666667
4.0	5.0
4.0	6.0
3.59426229508	1.8
3.0	6.0
4.0	0.0
2.0	4.0
4.51219512195	4.0
3.49038461538	2.125
3.0	15.0
4.0	3.0
3.8785488959	9.16666666667
5.0	11.0
2.32669322709	2.0
4.40300230947	9.5
5.0	16.0
5.0	13.0
3.53741496599	11.0
3.49559748428	7.5
3.0	1.0
5.0	6.0
4.27023809524	8.5
1.0	3.5
3.63362068966	6.0
2.0	6.0
4.5465648855	9.14285714286
3.62878787879	6.6
5.0	2.0
2.0	-1.0
5.0	1.0
3.63522012579	9.0
2.0	5.33333333333
4.0	6.0
4.0	8.0
2.99591280654	6.5
4.0	3.0
4.0	-2.0
3.66952642416	8.2641509434
1.0	-7.0
2.0	0.0
3.07142857143	2.0
2.68055555556	1.75
4.02894736842	9.5
5.0	3.33333333333
2.0	17.0
4.0	0.5
3.0	5.0
4.0	0.0
5.0	5.5
3.0	5.0
3.26754385965	4.0
4.03280929597	5.53333333333
4.0	6.0
3.87598944591	4.66666666667
5.0	11.6666666667
4.2027972028	3.33333333333
3.78024193548	11.3333333333
3.0	7.0
2.77543330821	5.4375
1.0	3.0
3.0	2.0
2.76261127596	1.66666666667
3.0	6.0
3.42857142857	0.666666666667
3.1875	3.0
5.0	8.0
4.0	6.0
1.0	-7.0
3.07657657658	5.8
5.0	0.0
4.15172413793	5.33333333333
5.0	4.5
4.88587731812	6.125
1.0	4.0
1.52830188679	1.2
4.0	10.0
4.0	11.0
4.0	8.0
5.0	3.0
4.0	-1.0
3.49315068493	7.75
1.0	1.0
4.0	2.0
3.28272251309	5.71428571429
3.67215363512	10.6
4.0	14.6
1.16595744681	-2.66666666667
3.17984693878	6.25
5.0	15.0
4.0	8.0
4.0	0.0
2.0	0.0
3.89027431421	5.75
4.0	1.0
4.28861788618	13.5
5.0	-1.0
3.41607565012	5.6
5.0	2.0
2.68982880161	4.16666666667
4.0	18.0
3.49877149877	7.0
3.0	10.0
1.0	0.0
5.0	0.0
3.83628318584	6.33333333333
4.0	2.0
4.0	9.0
4.00483091787	4.0
4.68702290076	4.5
1.0	9.5
3.76294277929	3.28571428571
4.0	5.0
5.0	8.0
4.0	7.0
5.0	8.0
2.71511627907	5.75
4.0	2.0
3.0	22.0
4.43396226415	8.5
5.0	6.5
4.0	15.0
5.0	11.0
2.0	3.0
3.23342175066	6.28571428571
4.0	11.0
3.81040157999	9.0
3.13421828909	7.4
4.0	7.0
4.0	-3.0
2.0	9.0
3.11481481481	5.33333333333
4.0	2.0
3.64253393665	9.0
4.0	17.0
4.0	9.0
3.67105263158	2.83333333333
3.20814479638	9.5
2.0	3.0
4.0	9.0
5.0	6.0
3.0	2.0
3.21988304094	7.05
3.00630914826	5.66666666667
5.0	2.14285714286
3.41795665635	10.2222222222
4.0	11.0
1.0	-2.0
1.0	2.0
3.42296072508	3.0
5.0	9.0
5.0	10.6666666667
2.0	4.5
4.0	8.0
3.82926829268	5.5
4.85517241379	7.5
4.0	1.0
3.7301980198	12.3333333333
4.0	10.0
4.0	5.0
4.38686131387	3.75
4.0	10.0
3.0	0.0
2.42857142857	7.0
5.0	16.0
4.00595238095	6.85714285714
5.0	12.0
4.0	4.0
4.0	8.0
2.0	17.0
3.58410351201	5.0
4.0	-1.0
4.0	7.0
3.2732012513	12.0
5.0	-1.0
3.0	18.0
5.0	3.0
4.0	7.0
3.48936170213	7.0
4.5727482679	6.5
1.51674641148	-0.75
4.87586206897	3.5
4.0	0.0
3.91525423729	5.5
5.0	3.0
5.0	2.0
1.86585365854	8.0
3.204	5.09090909091
5.0	6.5
1.0	-2.0
5.0	18.0
4.29759299781	7.2
3.50843558282	4.81818181818
3.98514851485	3.33333333333
5.0	15.0
4.0	5.0
3.0	6.0
5.0	2.0
2.32907348243	13.5
3.68055555556	4.33333333333
5.0	3.0
5.0	9.0
3.12474012474	4.28571428571
4.0	0.0
2.0	-3.5
4.27717391304	6.0
1.0	-5.0
3.0	4.0
4.0	1.0
3.87573964497	11.0
5.0	1.0
4.0	2.0
3.69491525424	6.25
5.0	6.33333333333
1.0	-2.0
4.0	11.0
2.89215686275	3.0
5.0	1.0
3.99561403509	6.8
3.35179153094	17.0
3.0	4.0
3.38116846285	11.0666666667
4.0	6.0
4.0	3.5
3.09515260323	5.66666666667
3.62022900763	7.71428571429
4.0	2.0
5.0	7.0
3.70318021201	5.25
4.07430997877	7.7
3.0	0.0
4.6449704142	7.5
5.0	7.0
2.0	4.0
4.0	7.0
1.0	8.0
1.0	-3.0
4.0	3.0
4.0	6.5
2.72594142259	5.5
2.24657534247	3.5
3.96153846154	7.5
1.94648829431	7.2
5.0	2.0
5.0	14.0
3.36671575847	5.0
1.0	4.0
2.90909090909	1.5
3.0	6.0
4.0	7.0
4.16834170854	4.33333333333
4.52331606218	4.0
1.0	-8.0
3.55631399317	5.0
1.88955823293	0.25
2.3615819209	4.75
3.0	0.0
5.0	5.0
2.86736842105	5.83333333333
3.72727272727	2.0
5.0	7.0
5.0	2.0
3.16046213094	6.3
2.58300395257	8.66666666667
4.0	0.0
4.36829268293	13.0
2.0	12.0
3.0	2.0
3.10701330109	7.61904761905
4.0	12.0
3.0	0.0
5.0	5.0
4.0	4.0
5.0	1.0
4.65497076023	6.0
5.0	9.0
5.0	7.5
5.0	2.0
4.0	-3.0
1.25098039216	5.25
4.0	24.0
3.34452554745	3.44444444444
3.63296703297	7.4
5.0	4.0
5.0	0.0
4.46788990826	4.5
4.49484536082	11.0
5.0	10.0
5.0	11.0
2.0	3.0
3.00792393027	5.83333333333
4.0	5.0
3.0	4.0
5.0	0.0
1.0	1.0
3.77424749164	7.75
2.19402985075	2.25
4.0	1.0
4.625	1.5
1.0	1.0
5.0	10.0
4.8085106383	8.5
5.0	11.0
3.6512605042	4.0
5.0	0.0
5.0	2.0
3.0	5.0
4.13725490196	6.0
2.84759916493	9.0
3.30120481928	4.5
1.0	-3.0
3.80717488789	5.5
4.09404096834	11.0
1.59405940594	2.0
2.27653631285	3.4
5.0	0.0
2.0	-1.0
4.0	8.0
2.74311926606	0.666666666667
1.0	1.0
3.19426751592	5.0
4.66666666667	0.666666666667
4.15311558953	7.53488372093
4.60880195599	8.8
3.65042372881	7.375
3.81162737469	8.69696969697
4.05507246377	7.16666666667
2.0	-1.0
4.0	-1.0
3.0	6.0
2.83234244946	8.0
4.0	0.0
4.00819672131	11.0
2.98587468309	5.96875
3.0	32.0
2.00440528634	1.625
4.0	6.66666666667
5.0	-4.0
3.0	5.0
4.0	-1.0
3.96671018277	8.28571428571
3.28181818182	5.66666666667
3.0	4.0
4.68493150685	3.5
4.20625415835	10.4285714286
3.0	5.0
3.17177419355	6.36363636364
4.0	5.5
2.0	5.0
5.0	6.0
3.60377358491	2.66666666667
4.0	5.0
3.69083447332	7.44444444444
4.0	8.0
5.0	7.0
2.51648351648	-0.333333333333
2.0	1.5
4.0	5.0
4.35802469136	8.75
2.16037735849	0.5
2.36625514403	4.0
4.0	7.0
2.11842105263	5.5
1.0	0.0
1.0	10.0
2.0	-3.0
3.88353085411	6.0
2.55050505051	5.0
3.0	5.0
1.0	7.0
3.93518518519	8.5
4.0	11.0
5.0	6.0
4.64150943396	6.5
2.35135135135	4.5
4.57894736842	10.1666666667
3.53117206983	7.25
2.83870967742	1.0
2.91111111111	3.0
4.21933085502	5.75
5.0	2.0
3.60407725322	8.08333333333
4.2972972973	13.25
4.50148809524	7.71428571429
1.90759075908	4.33333333333
4.93625498008	6.33333333333
1.0	-2.0
4.0	16.0
4.0	5.0
4.0	1.0
5.0	8.0
3.23298429319	7.5
5.0	0.0
5.0	5.0
5.0	10.0
5.0	3.0
3.97983870968	5.88888888889
2.0	5.0
5.0	6.5
2.0	7.0
5.0	2.0
3.77777777778	4.0
3.0	4.0
3.13835616438	8.0
4.0	7.5
4.0	9.0
5.0	0.0
4.0	4.0
3.14354066986	2.33333333333
4.39285714286	8.0
5.0	10.0
5.0	5.0
1.81818181818	3.0
4.0	3.0
3.0	2.33333333333
2.0	3.0
3.91158536585	7.25
4.2	1.5
5.0	3.0
3.0	5.0
4.86940298507	10.5
4.29468599034	7.0
4.0	2.5
5.0	5.0
3.0	5.0
4.52142857143	10.5
4.0	4.0
4.0	10.0
3.82644628099	6.0
3.15966386555	11.0
2.60752688172	1.33333333333
4.10322580645	5.25
3.54168504632	7.72413793103
5.0	3.0
3.49564873418	9.7037037037
3.85645933014	3.66666666667
4.69172932331	0.4
5.0	7.0
5.0	8.0
3.0	6.0
5.0	13.0
3.16708229426	3.6
2.95660377358	9.0
3.94081475788	5.83333333333
4.0	8.0
5.0	-0.5
1.9138576779	4.66666666667
4.1105092091	3.26666666667
5.0	2.0
3.44489795918	9.5
1.6529562982	10.0
4.09090909091	10.75
5.0	9.0
2.0	0.0
2.7027027027	1.5
3.17171717172	9.0
5.0	2.5
5.0	9.0
5.0	12.5
4.0	6.0
5.0	18.0
1.0	2.0
4.05183585313	4.85714285714
4.55154639175	11.3333333333
3.0	6.0
4.51434878587	7.11764705882
4.0	3.0
4.0	6.0
4.0	3.0
3.89405684755	5.0
1.76693227092	9.0
4.35423197492	5.0
4.0	20.0
3.85882352941	7.0
2.61807580175	9.5
4.0	-2.0
2.39240506329	0.5
3.35469107551	1.6
4.82819794585	8.55555555556
3.56791907514	8.16666666667
1.0	2.0
2.63636363636	4.0
3.34094151213	8.625
3.87565445026	8.0
3.07142857143	17.0
1.0	6.0
5.0	0.0
5.0	11.0
4.0	2.0
4.72262773723	1.5
4.7012987013	6.66666666667
3.53512544803	6.21428571429
3.58995137763	13.3333333333
5.0	14.0
3.0	1.0
2.62195121951	3.33333333333
4.84905660377	5.5
1.0	0.0
2.09111277072	0.3
4.0	-7.0
2.0	0.0
4.0	5.0
3.44222020018	4.94117647059
5.0	4.0
3.18253968254	4.5
4.06862745098	8.5
2.0	-5.0
3.94278283485	4.5
3.0	0.0
5.0	7.5
3.0	16.0
5.0	16.0
5.0	6.0
3.0	10.0
5.0	5.0
4.0	7.0
5.0	7.0
2.03661327231	7.4
4.27137546468	5.0
5.0	12.0
4.10374639769	2.33333333333
4.0	3.0
2.40869565217	4.0
3.0	3.0
4.0	7.0
4.35658914729	9.66666666667
3.94	10.5
4.0	2.0
3.0	9.0
1.0	-2.0
2.50714285714	5.33333333333
5.0	17.0
1.0	0.0
3.55789473684	7.0
5.0	0.0
3.0	1.0
2.0	10.0
5.0	3.0
4.05970149254	4.0
3.84834123223	3.5
1.0	0.0
3.808	6.33333333333
2.0	-2.0
3.60165975104	1.66666666667
5.0	3.0
4.0	3.0
2.0	3.0
1.40404040404	-0.5
2.35795454545	3.75
3.42081447964	4.25
4.80263157895	4.33333333333
4.14893617021	3.66666666667
5.0	6.0
4.0	14.0
5.0	10.0
5.0	9.0
1.0	5.0
1.0	2.0
3.0	10.0
2.49126213592	2.6
1.0	8.0
4.35338345865	7.5
3.0	10.0
4.04841402337	10.3888888889
3.16605166052	8.33333333333
3.5	4.5
3.77927927928	2.0
4.0	7.5
4.76878612717	8.33333333333
3.85688073394	3.57142857143
1.0	-2.0
2.0	9.0
5.0	5.0
5.0	6.0
1.0	0.0
2.71253071253	6.0
5.0	6.0
5.0	4.0
5.0	3.0
5.0	8.0
3.44204851752	5.75
2.54936708861	2.0
5.0	3.0
5.0	16.5
3.0	3.0
5.0	8.0
4.0	4.0
5.0	6.0
3.49112426036	3.0
4.0	5.0
2.0	-1.0
5.0	6.0
4.74431818182	6.25
1.2013536379	0.75
5.0	4.0
2.75368421053	2.33333333333
1.0	2.0
1.0	0.0
3.18939393939	4.33333333333
3.33766233766	6.0
4.71	5.5
4.04024767802	7.0
3.84077669903	10.1818181818
3.79096045198	6.2
4.4623655914	15.5
5.0	2.0
4.45372460497	8.4
5.0	13.0
4.0	4.0
4.0	3.0
4.0	12.0
3.65075376884	5.0
3.11076923077	5.33333333333
5.0	3.0
5.0	5.0
4.24074074074	2.91666666667
3.0	4.0
1.0	0.0
3.0	7.0
4.56038647343	9.75
2.51420838972	2.58333333333
4.0	3.0
1.0	-5.0
3.52631578947	1.0
1.0	0.0
4.0	2.0
4.0	2.0
5.0	0.0
4.0	22.0
2.0	2.0
3.95532646048	6.55555555556
4.0	5.0
2.58839779006	8.25
2.94112967383	5.83333333333
1.19900497512	5.33333333333
2.03825136612	2.66666666667
4.0	12.0
5.0	11.0
5.0	8.0
4.79054054054	8.66666666667
3.82158590308	6.33333333333
1.0	3.0
3.79069767442	7.2
1.0	1.5
5.0	9.5
3.07364341085	4.25
5.0	3.0
5.0	0.0
1.59176029963	2.5
1.0	3.0
3.33575757576	6.25
5.0	5.0
3.91666666667	2.0
3.0	6.0
4.0	15.0
2.73842592593	6.8
4.625	2.5
4.07894736842	17.5
5.0	3.0
4.0	9.0
3.0	7.0
4.16265750286	6.45454545455
4.0	14.0
3.70820668693	7.66666666667
4.38582677165	6.58333333333
4.0	4.0
5.0	12.0
3.57297949337	7.33333333333
5.0	7.0
3.0	5.0
2.96815286624	5.5
3.65022421525	7.5
4.0	5.0
5.0	9.0
5.0	15.0
5.0	11.0
5.0	12.0
4.09302325581	6.5
1.53956834532	-2.0
3.0	0.0
3.41142857143	7.28571428571
5.0	9.0
4.0	9.6
4.0	0.0
4.0	10.0
3.0	9.0
5.0	1.0
4.0	14.0
2.51709401709	4.5
5.0	8.5
3.68373493976	7.0
2.0	-3.0
3.28128342246	6.83333333333
5.0	9.5
4.38072289157	5.83333333333
3.6176	5.88888888889
5.0	5.0
1.0	3.0
2.0	3.0
1.0	-5.0
1.0	7.0
3.66916979558	6.88888888889
3.59615384615	8.33333333333
5.0	7.5
2.0	2.0
5.0	5.0
1.0	-1.0
4.0	9.0
5.0	3.0
5.0	13.0
4.0	9.0
5.0	10.0
5.0	17.0
4.0	11.0
3.56289308176	5.5
4.0	22.0
5.0	2.0
5.0	6.0
2.0	14.0
5.0	6.0
2.248	6.5
5.0	4.0
3.0	2.0
5.0	7.0
3.0	2.0
4.88417431193	7.44444444444
3.0	9.0
3.0	5.5
4.0	10.0
3.0	11.0
3.60858585859	8.0
3.54237288136	7.0
5.0	16.0
2.29906542056	5.0
1.0	1.0
4.0	5.0
5.0	6.0
5.0	3.0
4.0	0.0
4.58267716535	3.0
4.0	10.5
5.0	10.0
2.0	9.0
4.0	5.0
3.58441558442	1.66666666667
2.88853503185	3.4
4.0	12.0
3.91399662732	7.84615384615
2.0	6.0
2.61502347418	5.0
4.0	6.0
2.0	12.0
4.0	3.0
5.0	39.0
5.0	6.0
5.0	1.0
5.0	5.0
4.0	1.5
4.45288753799	9.28571428571
3.0	12.0
5.0	10.0
